1002:
2174660
1685301
2030264
1419286
2520929
2035568
1288929
1680156
1858104
988266
2633719
156594
1384253
1417842
10043:
834820
852886
2204494
774717
1406050
2317868
202667
1728377
2048837
1103080
510319
2314914
2460018
969342
2596709
1267391
473246
2196025
13407
2057736
2488192
2389901
600986
1538160
2379921
1589215
725549
1992993
2511165
1767457
2498387
415150
625713
703872
799557
1001653
836253
1975605
1567145
99512
328303
627617
2541048
381361
19679
2273335
2335827
772801
618428
1186231
1876612
669032
944845
202018
2359108
2288808
291590
2448971
8061
1170683
1056747
1737686
142616
1921572
10065:
2644587
1866984
311779
1022903
2245995
2030254
443483
848170
1615808
2543696
1973962
379292
1693955
337701
2489253
937678
2139616
517128
2150901
2092667
650570
1345167
2317837
1708462
1484075
2043181
579834
501340
210750
904331
1009543
1573062
704521
624813
1777165
1257571
10081:
252944
1253220
1376599
298750
2408948
365261
2542796
10096:
565596
352740
537085
2104526
2296897
1620113
215385
844899
1448808
244360
307601
849618
1366677
1788628
1060246
2503865
354964
1591355
265080
1148888
2258084
1903035
1003019
1324587
1227148
378924
1836477
334658
1171174
701925
1393748
1470644
1186032
500413
1885932
318752
2554937
1478491
2264741
527018
935252
2355326
127934
459404
1640458
758500
1229701
1868905
2554637
1054433
2348445
757773
1566569
3053
1862897
219925
888436
2081761
332192
815696
410129
91036
659611
2538397
1607931
25233
1998037
10112:
2155716
485943
473137
1433767
2159654
1559910
1774121
1575903
1903095
2258395
1260710
675374
2372566
668240
108681
2384389
1339156
2566834
1449521
2202570
1606529
2094813
901587
38941
623671
10120:
276210
1545957
2357046
211108
2388007
10130:
1750296
333302
1691233
1630769
1952672
1292906
1123804
708545
537553
2145411
159392
1823163
1268114
586835
2494367
1455472
1242367
15873
2078477
1922970
1980500
1697695
354053
241798
707521
825161
199559
21519
1906394
2297858
1042110
979614
89773
790011
3323
1394515
540639
495642
1816849
1515331
1614699
1117373
1256318
910370
638299
2426459
1043804
240414
795414
1086800
989327
701367
2433711
1632980
1285310
1697784
923146
1953308
279632
979116
2123388
2182574
3344
736567
851078
1991827
765201
833859
24450
1562262
529563
1934537
732232
2376381
177530
1856714
2621426
2325212
999278
1161329
1807800
528575
2577433
784007
100924
217858
2368324
1604609
904486
1715513
203572
802260
791247
1331572
141007
956644
2359452
2179203
1498503
499895
2236382
1063400
91374
1694205
2061846
585356
981132
2649336
512084
767742
54205
176444
508747
2514686
1369881
1360504
1777156
704681
2226416
208920
1058972
2221420
1479954
1154199
2363206
1326130
209094
1665083
1102421
1318465
547253
587799
837888
1460718
1895257
2160917
20941
2610296
2518796
1959466
10142:
1443077
1508325
1680622
1379773
185762
2510662
319398
205005
2019879
1460768
1922861
2101393
2235523
2383711
812008
1756098
1805495
390843
296454
684725
1098655
160517
1423541
232101
10148:
361261
830443
743490
1187835
1103422
624654
1104006
2179203
923301
2054289
1025722
1161053
1366326
1001993
10153:
369338
1322489
2244488
2018900
870353
22953
733934
1167696
1508831
2213837
998178
780777
2142146
1900959
773038
67004
1345998
1826290
681163
10169:
644003
446060
1380478
973022
1778537
998669
1780408
2365237
10170:
217870
824549
2002163
1237665
1474151
277481
2421812
155823
441096
1854800
2520473
1382909
991204
1927377
2454915
1213158
2103270
1020604
128802
468252
2060806
1708274
856317
1485748
176304
2072378
986996
1049196
1778526
2550400
683964
2640654
2030786
1368192
1915212
915608
569038
1608350
1582498
1256855
349000
1875951
521748
3613
138389
132213
726469
945662
599334
1516413
2088299
872451
1370023
1798250
754171
237855
49535
1298119
37441
2296486
940980
2160132
1464365
742350
123448
2165413
1034006
1995385
106012
2101372
1417471
1169745
2392634
2301892
620833
225521
998847
1659494
1706152
346628
943534
886565
2576893
1176210
1043565
2181542
1744669
2206750
1216256
1451693
612375
2555220
620197
446706
231314
1485279
1343807
1703802
297264
1163472
134620
1479562
770205
1538237
1743792
484107
1976169
1114511
1395619
1386253
2079618
2071861
293129
999984
274222
1653496
193883
194124
2368768
167645
425302
1489474
1259970
824800
2365671
1929393
1550752
2240821
1485322
2165215
1122240
1980506
935536
801876
2254432
2382980
758748
2252942
942920
2228018
2103911
1207916
1754571
1565853
1970763
2237014
1558343
2617959
2401351
2271387
686018
362125
1253176
34329
1387869
2115347
256268
2381433
1703219
1220685
603448
1833762
2147370
1242297
1434399
495388
1682047
2517987
902096
1788836
2075540
2385126
1625337
1965726
2415635
1640915
829594
1309836
502785
1789105
1319497
275826
1433698
174859
151192
2124508
569626
2099432
516034
496544
599009
121307
1915489
1564159
1120099
1727462
1712490
2261615
901137
2359500
719069
454636
1838837
1676161
1266624
1792089
2059052
1450701
2177458
1955397
1453093
2107094
1930556
2286269
2387207
918380
863994
198014
2468405
614261
2181900
1952802
1994539
2142114
947194
816733
805479
1254737
414621
377665
1682504
1322808
1912005
1990742
471444
205820
17946
1100658
1165900
1528132
1951742
673034
782217
1965366
2311702
1057263
1542182
2118721
1600241
342582
610430
671325
956786
847225
588120
637379
1730764
1795110
1169378
758829
1271705
45509
1783119
706971
2147785
448712
930537
1182168
2403195
210153
441388
2148638
2157343
549651
235175
862155
1372159
1148346
33131
2554265
1592931
1096055
749544
2047375
1067804
1310566
1890613
1899608
437038
2341546
760704
1975419
1661249
995772
1585726
1848816
2294274
2408343
1296263
58100
1462557
191301
1798570
1797007
218330
1516608
1775824
2090242
2055557
2531275
2278373
80667
1967316
2512003
1019:
1660191
1146919
10200:
935620
1244153
748854
841112
2008660
2193616
859574
63512
401156
1111946
1866566
1811288
1878489
1759167
608265
332208
1092218
872232
812666
218448
656505
1743715
10226:
1490641
1468815
1119102
1502634
1149274
1944182
463924
2509762
302275
404901
1738910
186137
2181842
2419866
2076207
2295450
1417935
2638110
2094679
213866
1540031
1438558
941185
1223767
2122
131405
1187672
2247122
413197
517885
1139425
219583
2585674
2055252
304090
2370765
688751
957331
2576044
399133
1123138
1848973
2028996
1238597
2135164
867212
2488901
1688100
935076
2055350
278092
1582492
1329256
2470555
671620
1794176
1246000
1685180
237016
2484144
369135
152888
1472911
1538560
1104391
1765813
2275926
1452173
2190892
2054177
1413852
2517498
2113756
474646
1273064
2432494
2179917
124961
1204084
231232
2571060
572568
1100241
2522937
469791
2056680
2025912
1047341
2098637
551362
612614
684
395096
1099412
2541142
1831802
1051931
1043937
2427285
1566176
1364834
1927232
1380004
1748505
1711885
2540261
1478491
2511304
307800
990659
51696
771032
2133574
2381042
1312674
127079
1945922
2527694
2043204
1232385
911921
1228100
1059372
832256
607194
1131687
680155
1453174
1619946
893536
2225381
1863423
32266
753479
1665816
1073564
1063713
923656
620974
2206948
1768181
570738
112589
1278826
2438156
678349
16768
2213842
102802
2300819
1200298
2463138
2339037
2436284
432915
1184111
225485
1571999
557449
61911
2586056
2505332
1424750
2436238
1897315
242009
1348274
966509
1052669
470656
1860661
79564
631208
1221548
1682161
1649605
2439512
327893
1470172
2006469
1968035
1261970
429447
1250869
1106240
1556027
963252
361957
2028159
97237
808489
1159208
2006775
2647898
1882093
428376
156344
2571692
1883249
2305109
1023:
1567328
2091010
354278
396576
383344
2400130
304882
2097731
616919
670879
2523200
928057
1247627
476580
2192669
400303
9601
1360342
70553
1894608
344110
506468
2082738
2484001
2043236
243862
1391508
1184551
76916
775519
325811
1760750
2570998
825676
160272
10232:
2112269
330156
10240:
2064028
2354353
917687
1388102
2346154
1224296
877471
2205959
855429
2082099
1217853
1209226
1833543
788184
2512253
1315806
1714406
996434
170386
1500967
516921
2504519
384720
768133
1655658
2118456
2432325
2529053
2071683
838753
188559
111575
2446946
1679486
573652
1962758
2342073
2628415
587987
448175
1518804
452728
1266067
1198022
1333152
10255:
1053933
420780
2569646
776377
1768143
362343
1870008
1519723
554186
1976079
2613147
1939822
2141380
2459178
1806782
1924616
1085942
1545603
1840254
2298501
5323
1192903
373278
1988671
567007
803741
1724250
972552
2510560
1881469
2408176
1529742
1253198
562109
130567
1484022
2440372
1045490
2448531
1231654
8934
1185909
2091822
1086084
168952
2009384
2281678
2084957
1290564
303834
611118
605707
2000315
1700405
8441
446493
640025
2248484
85287
1884948
2350962
2112912
998790
1938891
1753242
1366528
344205
1898077
824315
887873
1972872
2372175
1855093
1502270
63936
1120209
2463649
2125024
1617427
1770414
1638965
820095
1117018
49799
1006853
1744432
1460874
633671
673645
1183489
907255
1240715
2199018
1573839
1721785
788056
2216699
1600966
547558
2259913
682965
591555
858202
2051691
43266
698753
953566
2290219
1381428
1720476
1060100
207840
2157455
10271:
2028934
1352219
1210611
2021203
2270483
1574843
146773
1151659
2608047
1898872
987824
1720871
1532376
1752331
1613042
2360103
10276:
2124819
1774684
1349251
2488423
1061566
1786429
1213158
2038792
1094443
2575506
1794933
1485748
738080
298564
1333091
2306810
2057853
301414
1054067
2563104
281277
2450029
1093045
1466952
234989
36696
1091770
396527
513431
1900217
791026
875445
725089
2588747
1701111
1414340
1785179
423757
2438737
2566167
1326906
1123942
465795
1791554
1743806
2635100
1556363
1847897
819007
481530
707809
1756389
61664
2212389
1465570
989255
2351709
698198
1583197
768408
1145554
1803438
317464
1857783
2406400
809539
823032
788034
718211
825695
2185669
147908
1385065
1056722
2471494
753289
1592904
1139355
606356
1643330
2222806
1367102
2216029
1325656
2565803
154089
387159
2477285
1473325
1735621
962008
635198
2212494
1004396
1645260
1612922
2368022
988646
1238183
956038
688244
1198514
1036925
2214840
1627768
367289
498640
2209837
763253
2593314
2480119
1229071
2199906
770067
2602683
1089793
2602142
1794022
2385166
1176776
1901563
740905
2327160
1024059
397585
2026754
486435
1244384
2618670
1434716
836960
1802626
1379011
2011191
1718299
513202
2254539
1893137
1636660
2549939
738620
1437947
1275235
833214
1489514
1110428
2224402
901884
2244752
2361923
1410432
2190097
343186
500507
1883992
1823158
1826544
2043475
2628976
153255
464388
44641
960208
1966232
2516339
1168645
1682662
691021
2194022
763208
551434
1571419
1800640
1555409
1548144
269382
1829900
1266761
938555
2043119
533381
1752946
2539837
303663
1610456
1758821
2292720
1539081
1524653
175095
2603890
2237988
2003594
