2:
1959936
748922
1131325
1312846
2314531
1636093
584750
2418486
715897
1172326
573:
1385988
1805399
953124
972381
703:
2393740
1673185
827688
1459377
1034609
818416
732561
2429485
430215
1595303
2329652
2003440
1001525
1105350
1176145
1189:
1309588
367181
1651210
1623473
1995:
1396849
589398
2495:
2002163
35757
41398
56796
692327
2569512
1901659
828540
1946871
1005940
1761972
3596
2242235
1309676
1522802
22535
2243846
2006409
1668270
1928206
981558
1269754
1724717
1161567
1502088
2250857
1376109
1698135
710543
1140563
2041761
1870310
875612
1655640
1114201
2507290
1405533
2414352
657261
233119
2645555
662413
373133
1280909
1154858
179281
9912
1866805
2005212
1554237
2046374
754822
244332
521246
699000
2361277
287812
1263188
2156677
2574585
115639
659583
1449120
444887
672526
428611
1750115
1701580
2398196
117604
1734758
1097065
365846
1959583
1618989
1002611
1904387
1758154
1637533
877588
382447
713016
2332681
2267651
15732
1842351
1458321
452527
104161
2313181
481350
170787
602673
1633199
441551
764057
1644601
1539852
786197
2267413
2040798
133949
1948842
1499992
1243892
1378546
1588013
2089669
920704
1675603
1330808
186910
1130882
2464080
1795275
2414690
2286964
826599
125806
560237
1706503
1263318
2020223
2642244
2460732
2357292
605616
1484512
218064
2286158
120306
1369960
387703
1785279
1439835
1019389
1168658
451868
2049972
2063844
545790
1397788
345645
1434061
625823
1550238
1778396
1146483
1926364
1530968
884249
77887
769109
856656
1476673
1381763
715784
703090
39343
1899193
713235
654123
2142513
1731367
2480368
943821
1967563
2600143
789375
2221223
948855
1978048
275099
115319
436075
2249987
1078232
2131609
1361321
1574030
2386633
303573
504303
4101
639468
2534058
658509
208462
888690
805138
326144
1985693
1954262
101408
2122073
2145692
432225
2013638
55335
1191722
1897473
1326391
200205
1478268
38722
2622068
393245
725166
1995306
488235
1077577
1105282
2280840
2373646
1992642
1030966
172191
1034988
644358
1813507
1564033
1086742
248712
642568
1564809
2298168
930855
228182
2111936
2209340
1958262
1992036
1360533
693474
2319545
845068
456403
1423440
566842
931506
1789838
980937
2562341
320288
795689
2254171
1681716
3011:
1235794
2603394
2617241
582118
358390
1482001
914249
674695
2089047
2321268
90724
2158561
1037798
1536434
1228735
21349
217923
451867
1059621
2564717
894700
2443313
1191950
3475:
760380
1116838
296171
311641
476110
888607
2004715
264116
1353534
1332610
1967929
531944
1110926
1570787
2271655
888631
469744
1466569
83319
779887
1531756
1287490
77584
2465116
1962880
764700
383775
1296654
840629
915467
2151149
2398141
3603:
2411751
33899
2482938
913572
1407578
1846329
808873
2562094
173566
3648:
2272974
2158448
2389821
655358
160978
334829
1072119
2557435
2344847
172720
860203
1830501
240940
1705793
1825376
2232317
756735
1658616
1866211
90395
446566
133309
1576510
1610063
2473032
559829
2173896
2580776
2378476
1405484
1481318
2067715
1697940
2437479
1947975
2343150
1276735
942528
800445
2107541
981297
747266
600450
1610263
1579735
2265966
65875
194463
937784
858149
492413
627855
2029715
842333
1790365
75588
1783026
1144764
2071997
1983249
1749271
1333726
1908295
83104
2621374
1848107
2528970
2024931
558124
2273251
466083
2174630
651895
1738784
2497088
709848
27708
1308268
1998986
2237459
286470
1346810
266946
1789934
1963962
1615617
2375274
2053871
2300318
2056877
149857
923479
1440301
2171992
195384
1369823
2407875
31570
2097947
1541509
798346
291283
1461767
1833218
1670365
1443613
1790614
1185116
1540283
1982660
169751
2148784
847166
2119085
225047
38969
865657
790056
1066274
403412
1809379
79395
1315991
1339817
491852
644159
81273
1159489
2620210
2030695
973761
1665354
1004652
1854408
10830
1197269
820438
1048850
1312501
1261819
667256
2049898
63773
1576201
2446845
762640
388872
2590984
615875
366836
1335177
784403
1676099
1456537
306169
1173387
335681
2295480
481584
2189800
313902
1954155
1724713
2491634
1212829
459834
2620545
639594
606286
288977
2169596
1031395
271112
1897251
824722
590929
2454525
1715714
2142406
117581
1781818
2381807
1423504
928882
1599391
158732
1702345
995267
1951627
2447850
2112656
2209944
449889
284702
494919
1049829
1149657
73008
1723352
2351654
2584919
2525359
774736
1794144
856106
281692
804931
1868770
1653663
1210211
2341148
273573
69223
111827
2038743
82118
107934
2236197
2400543
1241325
350771
1641738
391444
1103124
681999
1298115
207782
2407754
1342424
100098
1333094
1576336
1504853
2429603
720151
2492523
1934260
1729424
2104082
551485
1391711
567183
775615
2621360
118333
997399
269415
38174
1725838
1306903
1305582
1141724
895691
1916942
345574
2017548
728361
2029744
1450198
1766747
1232149
137781
276050
2200867
1076644
1467052
1522303
367807
1185737
1191648
551621
2394218
1906561
846271
1630659
2523089
2580113
1498221
1807720
798167
1727989
2396802
1916755
515311
1596784
1699490
2528702
1777958
1745553
2606779
362430
2577597
1229664
2051630
1008195
1637299
963955
2184838
47578
1297958
1852777
676309
499922
449101
282599
717457
1861774
1653293
2295369
2243266
1843415
2182933
2215249
323201
1167080
2201660
1681071
104300
833454
462175
2491076
613866
1336264
944741
533379
1694199
1022229
2104194
2239496
463240
1411665
7806
1881112
2456211
279806
1435197
11452
1104975
1468657
1440026
1120197
1134341
1654508
1039955
1036877
864253
453962
124416
311611
418159
2364408
4208:
1741433
1410821
4679:
1272700
1557661
2119007
530721
786169
2402629
2287605
506434
1803747
558787
819240
1437139
38532
1970505
1137451
1756513
1485382
2266403
652840
1438457
865622
795479
1676313
79794
1139219
1658734
2087631
1434080
1141228
1181013
2250496
1237290
2363130
206997
2174770
353752
730340
363536
2001343
2413369
122277
2503337
1157607
1977253
1374515
745383
2393193
1262651
772936
1129735
1373717
2561608
2528332
1435159
561013
1162910
1866789
523553
861993
1637265
2309611
2448363
1829143
1921964
628688
572360
1263525
1648992
2277177
706870
132750
748331
37361
1783988
76744
548796
6323:
1106844
1645346
2538669
1853739
1779329
6484:
217164
1149146
1074567
1970762
796278
1823570
1194348
2118102
1045964
831968
2447407
953586
1257469
123564
2619313
2144766
2597470
882963
715407
32389
6984
1189131
58834
180799
612107
1493504
1485686
137898
6782:
1102321
2281830
944069
1742750
1126958
207251
972986
180596
2453990
2449937
1232442
1461619
1107106
982986
2553483
757796
279658
1692076
2170068
331886
2313248
7330:
1128133
873909
145212
2345108
2470940
2622141
1355968
1299867
1947602
2000125
405045
2275537
2620085
2554814
1693081
89781
2005882
1181922
433250
33904
2263054
1826446
2056681
319296
1671921
1968788
702155
1196100
1829222
708508
911703
533904
1683789
1323337
1598700
156068
2317692
286470
1576094
2082942
675997
951816
348912
406715
1391948
2323189
86585
1251305
2576856
718873
243864
245085
29684
114894
2554192
1127744
753115
2587393
974525
2333556
2156110
389580
2032455
2204647
2399698
1299132
1568315
2538653
183596
1251736
1642056
1139053
1270437
2386174
2080184
874731
495688
659215
2161950
2148969
2585092
695921
1531636
765516
1912384
211639
990585
2021901
2135800
253346
1708221
2636470
2410612
2508263
2282850
2443615
394041
1994055
417688
206186
1239549
458784
822295
1909062
1391647
311179
139147
961144
1178822
1330561
1198337
633649
50543
798489
1914785
956577
2142137
1519726
2191056
63323
788729
169136
277433
375361
2474137
1369801
418665
2444432
101002
208326
1788491
939677
493872
1710368
1094795
1324928
1750455
373067
972161
783337
333562
2486222
1826283
1604592
2190787
1898263
1137710
2589876
488292
1527866
97171
1930262
863734
1982513
2384134
713470
75356
2646159
1555135
502524
1913958
760943
995088
2334718
1830088
2077255
1516044
269417
2161810
1698211
1748093
1986167
2128176
862274
8478:
55439
2294287
9190:
1694053
354330
772432
961365
2284848
336362
1070519
75257
2594314
2016596
1094506
1808617
9925:
560832
1957867
2443355
2577221
10365:
2619065
867176
2360195
834273
2468067
1072170
1677542
167477
735260
1436357
1582934
2207277
1191911
1326994
2270156
2536114
1984315
2560726
466367
1695436
1235909
1154833
894795
1617771
2060093
2224568
1622165
1127138
10552:
395100
714334
360787
311996
2412155
373749
548723
369691
1187391
2241715
1232563
800057
123633
1446694
35754
792965
720508
1517010
1391904
693829
748794
467333
526709
952272
1802778
25954
1159211
991199
1145251
1138797
922775
1011174
1227440
2196279
2640412
179452
454021
618294
1724102
1860983
233006
779531
1591420
1370619
462071
2569476
1357112
11517:
1874239
13847:
12379
1447783
1452344
2183035
656341
1851273
472137
2306785
1623180
608692
1159785
215867
837605
730087
2210499
1814174
1253685
990915
1563046
1623805
2247972
1001030
2328623
1526454
1506115
1750626
1812967
668360
127010
552786
979904
2581406
411414
1668081
1222116
631142
1799111
2259724
699691
1108378
205025
991140
2226250
903171
2164475
216194
877775
1677102
1395493
2216733
1907783
950279
744799
2405413
1319967
2040209
1896557
1611693
1231344
357695
1772043
2608507
1595843
1033629
1219966
951642
2301330
1133769
570414
2619586
2449527
795014
1018657
1317128
1852563
264157
1800182
57183
786436
888806
1122120
818311
896719
1950803
569011
1114409
1338697
153405
494411
1802158
2434254
2353478
1530019
398859
2232954
1713378
1421967
1105689
1503218
453462
86286
2385428
2267506
1185004
380762
2493074
56409
1194893
1193922
1478798
973133
2282769
1974503
419984
1034804
753968
1850089
586694
1575345
2371849
223276
77989
2086924
72524
1950837
2354053
2327967
1762653
641235
255593
571050
1297467
1171910
2181369
747997
2548244
2534406
864258
263836
1528506
1534657
320276
2062350
2645097
1828162
1769539
2157282
1866722
1417467
15593
2488018
400233
2331848
1606334
1282402
2322960
288045
315701
650317
299538
1227498
983389
1409551
686243
2262834
736728
1165606
2248987
1045551
2450196
1962951
1740797
311706
27377
73285
428105
2560925
1573429
1326315
2406495
1692085
1367353
1358905
72538
65153
1672447
1812060
1470493
550098
644704
210663
2030494
1422940
1886371
40285
2627331
465029
323883
1860579
1150948
1748689
561145
2577616
246699
1437613
803868
526001
2577232
602944
1450748
557364
1423960
1794458
1948130
981290
1584258
703470
1166693
496308
1868530
1352429
2611201
1742766
2326418
1149504
2293737
2033388
1236224
2338558
1091639
492776
2338268
1496849
1225833
482644
429729
1547886
2102040
1201582
2282637
867696
73494
1997651
1523822
407995
1224999
2545927
1743885
2023248
255770
1229114
1442328
1093977
1550847
1439770
2581326
403015
940531
917734
2111497
2201561
1314915
2129855
1444354
460122
2126577
200720
465226
1202641
1266289
311102
1472339
1677293
1662856
1462869
62710
2085884
1908489
562610
2390221
478184
1970646
2392581
1153492
2240607
1267384
1570426
1789783
1979812
562415
638930
1992946
840529
367382
790449
1375320
2469908
1029654
793114
482253
2527711
2488356
1939184
304454
341753
1192987
2022087
867001
243827
1801559
1093116
1668526
1450376
1728348
1341639
2267077
284151
359200
2022693
1607889
929994
979280
2222408
2233791
1745041
2303622
1305649
892716
1866539
1485964
1303639
663373
1409288
1745024
619891
2211028
683075
1224753
489111
1286027
848026
1191534
2327385
2294816
739261
1863085
591656
1957913
1445444
310261
2183204
1116538
2058045
408359
196894
1768878
2213430
1586748
1387432
2547850
2340114
820898
1242879
2515576
440899
198666
610534
366612
2638422
925981
1789873
1679748
1961656
1184026
105367
1559500
116223
559840
164085
1218969
2497733
2360453
1144508
379130
551031
636042
1116081
1473091
34537
58700
1626417
119271
885210
1967298
2029509
1804968
859454
2033312
479149
2252604
2331202
1290240
637644
2026652
44694
1792085
2145443
1748472
62645
891921
1740882
813524
1549873
143231
523957
1427290
957368
1886753
588421
333436
196009
1325202
413615
1523505
2452799
1864878
1900351
1553478
692400
60939
2344234
300202
761375
2239716
237993
1902337
2398129
1308048
1426412
262126
413783
1678423
1672500
2517523
1275813
2176952
791779
75523
1236561
873643
1995313
1120573
1812178
2534133
1822312
780900
1253361
648953
1238167
928188
279886
2500748
2501319
153895
2308843
283601
885743
1804240
938047
113488
2550972
2457015
1841422
1851181
1420101
1394516
2024453
1190040
675957
577006
427482
630741
606373
264290
665172
1106322
796387
2059505
2455993
1271264
692490
36195
969187
2427686
2466535
1978918
1833944
165742
1765014
1122711
1637846
2177172
2282075
1844264
1967019
1860664
2110213
802483
1650473
2205709
316915
2499426
651364
1883380
2033456
432153
2455940
2187446
1430265
1021258
2613283
2593093
2538364
2336066
833773
1437756
2105243
720375
2033589
2331642
1916914
1742338
988084
2181413
1158971
1675701
1152060
1042882
517134
20539
516662
1622108
339179
2414761
2532208
586231
481078
858253
2452030
1761236
1877774
1309095
1716661
97583
825741
56263
1341079
869446
1501356
2523612
1996930
2177175
71625
9781
1057233
2147947
2035798
937904
1602097
1799371
883691
180699
2578489
2510650
866470
2415090
515183
758843
2115420
1294613
442013
180564
716324
848431
2348160
1058754
1648325
774885
544072
692171
2481859
780783
1851680
2163486
886969
637258
256729
1020518
534604
1049195
1594125
1262640
