1337:
920882
2559917
800491
2028870
1379178
13370:
1271172
2588015
470232
652143
1850670
884354
2081837
1056823
1455914
307313
708293
2009727
2465455
595285
1277211
1852254
275799
755712
1889770
2065772
1594956
1956684
1487716
2111410
2297386
1954705
1696758
2337865
620333
1549440
13371:
1770537
13372:
530475
1445085
13374:
1511061
1582714
1999564
1392077
2499019
1423772
2262602
1816733
609959
665252
2583753
1664178
1252722
2410249
1788430
1296686
13375:
2097608
633598
2395077
2338679
895935
13376:
952053
13377:
2334849
2616854
2258907
1673354
2442037
1863085
123960
1645778
1473145
656599
2525513
1062927
1781497
2511695
1847446
2465438
130532
13378:
512568
741088
1319243
2511906
1681087
1990685
37000
684891
1247726
2268768
2493592
228231
175014
651763
639192
2015526
2541027
1419888
232264
111942
321517
2630093
2605273
1848294
1800455
896274
1582615
40425
204384
84498
2359405
2415719
53110
799653
1327129
1762099
2254856
32153
1611079
659983
52736
1983599
2416323
1312635
924469
121982
2261474
1098765
2492463
2066923
1526284
1403056
1643251
2209351
2461463
635070
734090
1312985
1888507
277442
1461960
1648502
231403
1117018
2281298
2209885
1659633
1943181
267699
691331
745447
706487
352821
651269
2638675
570629
1424375
786529
1187919
1524079
1002517
1498180
2547768
218972
1372264
2300656
1435829
2254641
1821069
2001029
2055909
1130442
646719
1636487
4277
2434871
2187252
2251346
7963
1487647
615344
1316136
1201077
2517928
13379:
1918542
692876
2022171
892887
1892244
2032455
268817
2357868
2036782
1976615
477705
1593040
1338:
452044
859393
2450621
2036001
2279066
1163822
1618164
365928
13380:
2091492
1696335
851546
983229
268651
205540
1565242
167024
556134
1444103
175826
1520772
320979
795593
1175987
1199467
718211
2536464
1240922
1414620
2385295
663249
1619734
198613
598641
2358429
2275895
787084
2094602
1868979
509179
2033859
904187
1962676
2285798
751109
2222888
562644
1600480
2546720
1210305
1722187
1193260
13381:
1361044
2048177
382730
470843
9803
823802
1062070
952289
2365924
285574
1158639
2073883
1933537
2342727
1263575
1198172
23416
1102513
1296447
740330
13382:
593670
2051338
1429758
2026268
638521
1424243
1675858
213630
633956
1642148
2526422
259097
1084917
822351
1098451
2080184
2153033
2646545
2314733
773361
1252174
708082
1578607
655167
949770
1398706
2564257
2580465
296319
1623924
1165840
1434472
29672
13383:
415415
2573199
1772714
2221133
447634
1211245
523707
2358715
334247
2311261
220034
903737
640019
541497
253932
2070178
972267
2332341
1794847
1957291
1199961
2619960
2110562
1777459
979954
104422
145239
139969
1735584
1834396
1601556
8175
1664337
1304543
1585759
1654243
1637299
1997477
1928647
159236
1049702
13384:
2054455
804098
132564
1421246
2466286
2291268
1371083
531508
2159065
1034042
1986255
2310236
1961032
1207961
699437
778576
1165233
1628749
445041
1035350
1479467
1027430
123756
1949208
1821444
1087490
1465938
2444422
2071716
869490
2249230
633956
809796
2600942
299097
2044864
1033428
2262930
2070267
1707418
959210
1331518
322622
547358
1129621
1172033
1531725
1653118
156064
658574
1483061
1990184
1365120
1495851
1432546
503937
22061
2584145
392544
504042
2293062
1799571
932272
1698898
921717
1919885
851045
408562
2046735
2219456
109023
230188
281745
2524129
391065
2294865
457157
300483
1112129
181312
2420054
1485093
983973
2110664
977026
1793476
453772
978226
253064
21953
2248584
534178
1388450
856764
389240
2081956
1541516
1837986
2415194
2214360
905370
89487
2091041
2278112
1433740
13385:
1231125
2262019
98724
409104
2271973
741715
1751681
630882
2277793
239234
1546243
13386:
2521681
1427494
833416
1719096
492540
13387:
736296
1129746
692533
246333
1127513
574577
13388:
765164
521478
204129
838456
2423307
723108
1923206
122746
2593556
1865946
2421516
1846864
2630827
2367637
382186
1510160
400268
332808
1539182
434041
1326015
1604464
2470948
2628010
2226562
1672508
624311
1600387
1789343
1178375
2471884
719094
326305
1795387
705292
631455
2636616
2617775
2205851
344170
1385657
426208
1245528
1304106
948030
1327372
2549488
1653519
2237957
656599
1136003
1952630
249472
383984
2029909
493226
1771752
2296149
720433
2186547
1294372
789403
2090378
1199818
1643729
1738239
2401629
1779229
1920490
2126760
959885
1544814
981941
874333
2329366
2624009
62694
1021435
869544
2317
2587510
2627947
1790076
1755477
13389:
1332244
1024643
1115814
2193054
269136
26280
423268
1667779
1097455
482071
894954
2508272
1388504
1072660
983906
2031774
1379143
667035
1470064
13196
1906000
875836
1665577
2395775
2300783
72858
1811835
2223415
87921
1817100
1007544
1683025
1731362
462335
2285887
1402244
2433751
142299
1098524
1846787
1640996
1682984
1094795
1797445
1619373
937184
300720
2356471
1015053
1771412
1081910
1339:
362095
13390:
721764
767636
246345
13391:
2480495
376239
209202
850085
1260059
997690
1493368
2536091
1981952
2163807
1440448
792920
805106
381326
2275878
370267
1830501
2280605
999913
1127293
2140145
2381157
561297
1041330
225411
1558971
379724
100253
2327242
1499430
2478743
2135976
885498
20407
1715703
2350518
1703253
1366973
1057508
1557006
240628
2019852
1825306
2095132
1186110
384545
991311
810816
1907045
161944
1891616
1299328
622683
2116994
1079375
1064771
1012553
30598
1628504
519641
2210981
805769
165644
2403058
2363803
261815
2183706
1273296
2075524
2272321
2163371
45733
2234920
1533135
855091
1233203
723061
1272176
163607
1256559
2246955
699963
640999
182682
973584
1995712
2483860
507183
2066849
320364
1910805
596225
2554238
2203485
1088949
971424
58451
197364
1075978
186478
642195
1705640
604358
875111
26479
1471262
320959
1066484
1845677
2404088
1783064
1339884
434646
1035171
635121
1735743
1704009
2618730
1145647
2021712
968577
1130927
1932565
2339437
1693603
237162
2321166
131979
1816752
1370364
1141936
348285
1894143
2618927
2071972
2119832
2009992
1200587
1839718
2006703
88004
1283755
410725
1186881
2203225
581908
701617
48005
1324746
1279566
1364322
1430837
1550740
1012063
942920
284270
1470567
881049
2234448
2441183
485828
249762
1591140
1906508
1445595
2409290
500413
2465826
1954812
231875
2198330
1374449
2243281
2489839
978624
980506
2560484
34514
797234
740510
1222273
1801851
211322
1593212
572994
425522
1741458
629857
11137
387152
2341148
1220259
155432
1449740
81544
1166309
204467
892451
812427
70535
2280853
1964531
593765
1766807
1861147
1162798
415600
760615
1510240
2507937
357738
162196
454636
205821
851158
1827879
1351699
592083
924714
226942
1378431
1963670
2482188
2413120
2219475
2063966
1915418
1668981
2605233
840670
1166888
975764
1233407
500464
301457
2119449
2512749
95235
1194976
2039564
1926715
2239949
2033483
208154
1629112
215782
1968212
1746972
2239449
1738215
1602927
1760346
520673
1557105
2125900
2133289
1872274
2301847
309243
787397
893272
146818
227892
119734
2546072
700146
373034
1120643
819348
1105282
1806447
866826
1844744
2080222
1078490
1231993
714357
749169
382456
601903
1764876
1160075
1158198
808275
2448430
1073431
2304756
1021362
182077
497277
147156
1493064
2394656
1931836
955812
2559004
1285720
2406367
1812634
483066
1103345
997229
227302
1049096
731867
1744528
2571957
1801497
1398732
1891497
1508322
1512646
44341
1799792
1854919
2111208
1454036
1100533
367581
2004947
184070
638258
2638107
1425766
477548
644102
413076
13392:
396786
950155
192421
121017
1294781
1013085
1913008
122293
99785
2508925
1532228
428421
2026268
123756
1088156
1149844
1702350
2249855
242002
779613
2272382
1566181
1271611
1438180
890948
1303945
2643901
2165418
565346
2128074
2008545
1841110
2436426
558525
2548022
627916
1137762
2215980
1521053
1319554
1710041
119624
1811399
466278
1243832
965943
919177
2243025
1926108
1741642
1556885
1878787
2174089
1537954
2254853
2287786
753060
15769
1539212
714170
635970
656173
1729609
2415009
2624431
2724
2558838
104320
264484
964889
1514903
1365128
707725
2318741
2342235
2270206
1227261
2311197
283871
1116375
213797
1013608
1617513
191305
1841987
2296954
1855669
143553
459494
1046781
664658
1476529
1471136
2044000
1905670
1579071
2614351
299235
2553956
1027100
13393:
2518216
2450136
277990
2523426
1275188
2303590
1865273
1523710
321184
87475
222593
238115
1680877
1542002
2146603
30395
13394:
1087605
166980
792270
2464081
1018216
162641
13395:
1926551
1255893
13398:
735329
2109236
2273993
714973
1911520
1682594
810304
1496546
917007
1764820
1062102
2383234
1227432
2621254
76963
1772667
1944765
598452
1318464
112302
1542724
140260
1029494
1563265
2480324
187005
1499704
822396
1688274
1788045
1492520
1831775
1266043
812757
2314704
70798
776073
1573129
32386
351636
656574
1793408
1877212
2486221
2566836
1940324
929477
1404900
1118268
452548
84836
2560646
309097
2357370
2097753
2281298
724475
1878134
1418126
489333
2262640
1008069
1795057
2275873
2236953
1763147
2527057
499391
2429379
428547
666216
1673019
1915560
1179656
55448
2424328
1407984
1055187
32369
297559
13399:
2374978
963444
134:
397746
1340:
53342
732952
13400:
1559061
1928519
1931013
536051
2181152
2116150
786383
668372
1478507
186506
241323
1434741
1510953
1100863
366936
495491
1242406
746086
2331187
774189
1882828
141880
2265370
415520
2181570
1678855
2508842
311459
1191442
17298
2313793
1510794
971472
1837107
543665
2565053
699522
2455354
359017
958785
1259287
2175811
1726499
13401:
414217
13402:
2065357
2440364
574582
2431540
2249199
1816366
1215294
2521112
1721405
840382
2485428
1575831
2420591
2620148
796035
1673330
2603819
1469987
248499
2441036
1070811
334232
132372
817972
2618156
1931476
1338417
1553111
1537725
866822
1613054
1209401
567660
343657
717195
2279351
300590
1776032
377627
1150820
2303607
271668
1087584
1115801
404615
1320447
2465174
1972287
642707
308513
1867377
496360
1040960
2499420
1168879
578501
687099
766863
1274555
166031
947142
216588
2031819
914118
827474
1283829
1047866
313641
340740
606621
299581
622683
1303081
1932267
2017477
2511795
2185243
496300
801349
1914875
224688
503547
1966126
1621128
2099683
2020670
2014698
1931357
1711971
1015705
2634246
124974
954841
1573862
1283130
272147
592903
66958
2030764
1631233
2133702
440
2014770
499394
1621877
2056719
1657704
1072811
741686
1639009
2383154
12934
1400632
2478365
2019927
1093522
1379092
1131101
