3896:
563207
71441
990034
2196804
182543
2569227
759560
1437856
630638
2132285
2649267
1284749
1488439
753673
394631
1612234
262763
1993202
662916
833214
1702
809887
2577778
1038642
1057010
175372
1611958
1261686
402825
3897:
236426
2626500
1590572
106731
1593363
1029218
3898:
2252465
3899:
1446733
1784056
1941999
975339
39:
1323065
1508073
195428
445328
28588
659935
2040274
618186
551780
1836784
2151733
1013648
1293358
877184
2223975
631247
926241
390:
775400
2418782
232566
548945
1923234
429873
2487869
1759005
1283896
1419194
1432181
2099163
361141
2493320
1426364
1557606
548680
2077841
2290458
1810278
565120
269408
1786517
424920
135932
918659
1719045
330547
1926027
1777170
1513265
1316659
2350458
670478
2620360
295090
956587
2448831
1735275
1619994
1837258
255756
3900:
2551060
2566821
444675
2084572
2119029
192109
185329
1754391
726795
1742575
685644
1901530
1915981
2202826
1235794
2107071
1507223
498919
819561
1484903
710202
197812
1428222
561843
8638
1457958
1856867
1675991
958514
2580512
1832595
427239
2215738
858862
334292
758552
33330
1919848
814073
1210094
947779
1770429
787820
454995
2424744
2308671
106021
810537
2059340
2296483
1939450
2594928
2100154
684027
2134531
2424359
1323720
527126
1466952
1433213
1658918
2271560
1890915
487024
333691
306856
873167
1107288
1067102
410414
1129007
1279622
1003081
1010089
1547449
47719
2057599
287793
1942469
1562577
1470063
629265
1147873
203973
679640
1951632
919009
890112
1323218
1733074
1329901
1690803
67923
552703
2562627
659906
128266
172856
2541731
1823275
1489788
960282
1895576
41752
2101605
45234
1973211
432580
271785
579475
1798649
421069
1408530
2212130
1271136
1269382
358769
2331672
547108
1863969
1402918
1237885
1048708
1386014
180843
1099181
1503191
1709710
1756306
2141820
843151
293887
194539
2198706
2106700
1332773
1061166
102423
596026
221619
2427825
1095716
2512841
1490180
1730352
1734216
1369143
2493781
2619950
2594541
1536967
1324721
1333922
2283510
1723204
2016427
2477046
2201083
2577957
2413374
768430
749124
491677
478300
1033562
2558998
1803366
951597
807285
2570044
931651
1535062
2547237
2431802
989806
1795307
1870958
1325809
502120
968380
653495
2622315
1102441
1093825
1112211
875094
625432
1013481
207076
176351
1613652
1516770
1787265
133624
1678309
1765041
1907060
1661471
110775
2002894
249049
2558776
1525338
1495277
1053329
990556
315622
1260914
1520401
596470
972527
797715
2273538
2470395
2248311
241056
538819
43271
1067234
1600124
2232279
1546582
2508793
2431546
1065710
2304545
1601616
1914183
1848858
2163564
2582485
1223273
314469
2146966
25877
675047
1738086
430319
886513
1193762
965341
625119
914215
2000666
708282
177141
393936
139700
863802
1275379
323427
395158
2159432
2452719
530525
719878
2318662
1197460
1089949
1672827
1544931
546377
1878801
387159
2389410
391265
929063
1556359
1094452
1114796
1042347
573680
818196
771797
2494053
286272
1495528
2056584
2061602
2620439
1512676
2160513
387753
2182387
1840818
461464
1691736
1249938
2091953
1382553
495387
2408629
1028582
635661
1402007
2316130
51696
25849
1209776
1714496
362004
713569
1023067
587301
302573
729274
1795709
568873
857146
2443747
985826
65740
2399612
2005964
1636559
611883
1826262
541393
720724
1596326
1623415
1178938
2483752
2104646
525573
2167410
267583
2224257
2020799
1602012
933520
1637318
1239666
146023
88157
343177
1984892
1970132
1112814
543880
2406303
1446659
2168784
111437
1825907
1784252
449558
2043854
2445267
296461
1626412
484774
2426563
1772273
2344947
2304127
933582
1525494
2508883
534641
1343521
693319
1535749
2175579
180691
1844792
107545
2198724
5872
220801
1316665
2433645
2328259
2068824
269501
192656
1983816
1682146
2586891
2030463
1332815
2149111
2508647
1981962
2649114
962300
2373114
36621
885367
1974229
145985
2167627
2438255
2253652
1826997
1341847
1300278
2223162
610430
704685
1489809
328654
2226220
2202678
44437
1107439
1911124
591814
1242401
1703008
1381317
2180740
1038266
1424478
1193247
1619665
1230296
2063510
298679
2306957
1142518
2016295
955098
2393210
746973
375007
245567
174054
2255886
2203021
2130624
115017
1366498
1185828
1500558
466022
686150
1798040
1440504
1337226
2072704
1874865
2329745
792284
1734737
1951414
2210991
1093893
1070269
1831155
1272041
1453953
1875320
615869
941055
82334
702686
2026022
1677733
77978
1469808
2280102
1819125
171329
938212
2527386
2403166
2430597
2465506
1702838
1999065
1728801
991300
1769229
587742
2626974
1767369
412648
89882
1152626
1969708
337843
1646183
1766457
664590
281628
3901:
2450918
2072235
1541995
1215614
2368414
194631
2518312
2433081
2397163
3902:
1192905
438688
2088182
2450270
3903:
329839
983578
388547
2196500
81608
1776541
1866211
2244477
1684624
488007
465847
2048380
535553
1966849
1882899
2361157
1757246
2495254
1639815
2450619
2029381
2451772
2040005
33150
1147393
1613350
1498538
149188
2069296
1336621
67959
858262
2514605
1706430
2482865
1351317
618436
2293875
925976
712021
1956098
1372199
150528
2269231
1857628
715287
2480402
1182377
2613715
172368
1985056
1156351
296874
2386712
1479256
651546
118024
1275679
1928630
2641824
1249791
1563264
733445
1755762
2041133
216273
57725
1770918
2113195
47605
205542
699827
2520958
1328506
2408097
1783225
1851949
2034429
1191362
398497
2075824
2229445
148644
1975042
648807
1168431
388089
959997
487031
1752551
488714
1675197
1731609
317890
80264
2393691
1952352
3904:
1737883
2407546
829421
2051296
2107396
3905:
2324506
808256
2043413
887375
1468815
2276527
701770
1487427
725633
590180
1842445
301290
1230195
223461
944767
1369421
494167
149028
2641648
1467874
701219
408712
1193999
81860
1422871
1030733
2399539
550587
316258
1222766
909324
936902
313927
1519756
2298531
730556
1067070
1060683
1278882
1825027
2426136
1473910
1101558
79712
2281268
909246
546876
674863
2375491
1434016
73715
1453681
898524
1966849
2390828
450069
1368833
1026705
1292547
1857660
1358422
727125
2320361
964007
711289
1520246
2614951
1574043
1121494
78439
2384511
987647
2354869
831103
483170
535901
2440407
1465238
516722
2405956
1512058
1216755
2384240
1637778
1004785
1625484
937496
1387039
1098412
2433324
1983301
554056
616820
1947250
485930
731445
777306
529277
78047
1693901
2235870
92640
2032449
2218200
1775605
1769724
2190570
2102666
2506172
2542696
1712574
434821
1620190
77299
1126971
902129
1708871
1050983
261428
836810
1062600
1786090
197364
2582627
2459350
1990047
2264802
1688293
783958
353322
809980
1109099
2343985
765219
882543
1527380
2237083
868596
365663
337473
1087297
1974664
675910
2257370
1738448
765109
1294916
745661
921224
234634
1125803
814163
1060892
1876754
285262
648711
1528336
1076581
1693145
1539814
2561218
2295597
2313335
2429746
2030117
2000363
989235
915748
1061775
1417546
1094455
1478470
2581286
107108
1309978
324047
2354593
892669
1875730
1584868
1859039
2542194
1939682
520200
1913174
2441473
1672512
587518
1368605
2424262
2432296
848654
1073913
644548
10310
494994
1151083
1196487
829101
112635
2563477
1759534
474259
2022132
1663161
1602776
788296
1727086
754620
2168437
2339964
1443369
1421905
311012
1441351
966473
46073
1829965
416611
941106
420531
116246
2554857
2199448
2113176
1070800
458355
1735890
246868
2284943
554594
1010647
2530182
561665
2553256
1720444
1177441
1136639
1340067
1122818
1191674
1847516
2507488
2593630
1341358
288392
1791762
1487951
2350329
335326
1648008
1055551
2424050
1510082
164600
2478802
1028560
1042089
1901441
805083
1616653
603627
2039921
61218
492879
1540580
1039931
2625339
918567
1137604
27257
1925914
2030320
607290
1802851
149133
2222511
1978942
1760874
477498
2444098
1479125
2464603
1888972
2069447
915071
1042000
2124002
1708825
732909
2436759
1483731
1911878
1803015
254137
644323
1580571
456909
976007
1060447
732370
2459301
1008056
2446051
865985
2284416
885247
2550406
1327219
1951001
2490923
1378449
429653
1924568
395257
1345805
2152083
2389348
2164186
2571676
1023770
1412870
203577
2454749
108936
2469740
952121
230195
1508128
2640287
42809
18243
1527366
1417057
1176215
755749
1064083
202776
2063282
986557
1566992
68225
1437585
1525351
2075755
261918
1154093
550910
2474739
1872500
2625253
2163539
477414
1039252
2279776
2542633
2341509
1319897
1027359
1888382
2294484
1530951
1492460
581487
909178
2564260
1064805
536338
2040790
1538960
869179
2294475
104407
2624435
1203237
905934
1430510
1530060
1321190
1477083
1416257
2586885
239987
1831848
924349
2249653
2334398
2246393
1287947
2024878
1593259
1195492
832055
1715225
2237123
382486
1701220
1873255
1906844
723232
831964
1983551
2527435
1215644
2221315
996485
28681
2148067
478375
2036453
947172
1239536
1412546
726756
1753558
1870953
2509084
861309
1781481
1903253
1502586
2196581
2470452
312525
2527326
120450
1134153
1742389
1648965
2355777
2334683
75347
2465762
1161636
1815449
827235
1716122
911817
331888
2405724
828365
2423438
1807411
1188850
684483
690658
1851009
1602319
1019748
1009895
550197
781618
2563440
1351808
2405069
1661638
1170695
462527
3906:
1559442
1163079
3907:
1473972
162348
1083669
1864913
423074
419225
750299
214944
69085
1737529
1147584
2002224
2241438
1926937
188784
2525743
122693
1494598
2644333
2347119
1315635
81271
1665703
1196706
2388498
2127496
1233407
2578708
2098672
670050
447703
1060144
1589537
571392
3909:
1987644
1245816
1829580
2177114
1016509
1006834
1195601
580344
391:
496631
2310237
1736797
1317833
2334757
376153
3910:
2074772
2279699
1685842
1897433
1211273
1179314
2540102
2288118
992883
2113831
3911:
2462943
2095545
1451483
2134746
2498121
1432546
1462064
1625144
2534058
648350
373649
1612346
1858322
601747
1954073
2566415
208591
2101649
2218483
717566
3912:
2122318
1419724
2370765
1482856
1387032
787428
246749
1448487
712230
2135817
1702615
1920102
1112718
1222480
2528702
2604729
215835
2131094
1127081
2628248
3913:
102919
1914129
1419978
1931011
630320
1849390
1137867
3914:
1289415
2005536
1794412
2100094
1921706
1157016
1144139
841151
1828833
1220323
1136895
1863920
247476
195761
725427
778116
441066
51330
1947147
257331
424241
161531
1456686
1627453