8884:
699406
265872
346520
85134
790183
1599623
514028
2371791
644825
2382631
251130
113140
1671223
2170240
1872708
2466272
1143492
2298323
685814
248058
1134683
731442
8885:
1211738
618490
1846676
2094556
214660
2358531
1668911
2041199
424452
507802
1120064
1579613
1893396
1917397
1587509
196360
8886:
197179
2017730
2520779
2095198
1072415
50938
2157287
2446468
20735
1786572
620086
254887
2374644
289055
2364666
377552
1173714
1641734
1711143
911859
1596704
546568
2378325
1622370
1033278
2310552
2465908
741004
1900595
2122687
2150971
1758485
429428
937678
420009
779046
2169764
950162
296114
2127528
413819
976327
1139820
423195
389010
2639121
2590269
689866
155791
2645530
144569
307115
272673
1973073
2384650
1892824
311253
88273
206609
2254783
2139108
2006426
8887:
1816473
1184557
140549
1317614
1960412
13781
2082423
2488440
2547828
246049
1644293
2169750
2628265
382178
1343470
2370673
795045
395520
198931
1952827
703042
1678638
374563
282412
1781658
111575
1698583
1573918
382966
508266
2544051
1045062
1460693
1118286
12842
8888:
560531
458819
8889:
1704675
1967528
1759122
2192058
1960710
889:
2429465
15863
1951643
1178866
807743
388780
1564271
565570
783838
421149
1495142
1895723
1331334
2531675
107622
626901
1066943
1763997
1858035
2284606
807738
303540
349615
983881
2499472
1706752
703806
426373
90902
179223
1721858
2252343
1994719
83195
2323535
2076798
561007
1602278
2474668
630872
1906473
320579
2527698
1709120
79451
2324275
70297
370118
2480120
337641
1833118
1779042
772537
1593655
406808
1611486
1548780
809597
337790
352831
1431690
824026
1465422
599919
2222038
264661
2141427
1061611
2244575
1580281
273822
1838592
2499939
1077512
1442154
935907
2125717
114373
525709
416436
959838
1152440
1208914
875606
1994347
2048252
2199256
672451
1443601
285086
2526075
1295918
1397910
1148130
2318311
1396960
2097252
970199
590517
2006300
414817
2056582
1595895
1486688
1081322
532302
1778643
2243008
741089
2512714
2565568
2431897
769756
1085429
579432
2364797
842610
888121
1450367
2427073
1393796
2542490
2022948
2126187
301726
898708
2020239
1480155
864757
2272595
2303393
1371413
514146
2573109
2369115
650313
2306980
339696
797854
2377182
1873035
2302484
1385441
1771461
486733
633647
1014983
2124888
1022496
8890:
2516252
21184
459173
843148
2449001
381941
1241165
1977824
8892:
131871
303093
1472182
1852018
1631874
1499668
2529699
854835
243865
155366
2109105
425060
1595652
1275112
416415
2270209
1621427
226273
2255608
1971630
8893:
640080
1669729
1990874
110877
2255316
2299051
1733642
1533090
2468410
1367460
1879482
1854145
136570
2541820
1243654
1424176
1652953
1997686
565247
2395795
2630386
571153
1576315
8894:
2525031
558185
943811
1526042
2566220
1048984
1209519
1676798
2002421
2531328
2435544
1359521
8895:
2579663
855384
970947
606365
376816
1208027
2558064
2608100
1886711
606578
807060
340745
747485
112183
2315129
2051036
2157972
944615
2396019
1925038
2459109
2050054
1528301
826028
979639
2218129
1273088
30015
2235461
2589986
511306
537493
757400
1594809
2395489
697254
2416982
911725
2523024
1717895
1837641
334664
1068255
261556
1946666
823032
2156068
251892
337545
1844793
382660
83158
1084137
190710
28458
2416753
2024504
126879
2374747
1108021
891245
443495
369812
367518
1293447
528851
2616474
2635651
1533591
1730147
1856714
253309
44798
361712
2410551
2089600
652618
106275
535865
2442530
1756030
1648147
608108
2200648
64981
732931
868696
2169677
489068
1461618
1500828
2292074
1880258
2052089
25763
2506814
700978
393829
2183802
2144265
1579698
754634
1500423
1376533
476641
2330287
927992
471607
1682803
2444528
2236180
2389313
1324828
2628278
112095
1183985
2335844
2547302
940861
170940
8896:
1544353
873981
1753938
425001
44750
1971773
1634800
10353
1114899
1966936
967098
18078
1897088
1366049
2214886
1920911
1398
1803808
952903
1466260
2639381
480163
712852
1673509
2068671
2399093
1646833
1079120
844360
1027153
2619295
1402030
1074428
2031154
340156
985412
1661636
1431451
2391542
1332323
2613241
8897:
2492984
1472772
2403481
8898:
1989800
1013673
724050
2148888
1485175
1055670
1543289
2263680
1571774
480567
2421052
1019010
2507618
850699
69856
469313
2065445
975023
837567
698964
1574843
2512825
2147460
1059828
1058715
516678
499334
962283
937372
2530048
1113393
1034897
2597973
1814685
1701619
1910066
2466790
445233
8899:
1395116
538577
1166118
2535310
2121351
1947623
1104801
818743
21924
89:
564403
1612387
144067
497920
1089164
572230
2636688
1672504
246637
284008
1714400
157591
1831972
1820949
890:
2205594
1091073
2079045
2181570
2504392
2533118
2312124
1201510
8900:
2626413
8901:
1412427
177622
1492408
405297
686457
617459
1637821
1900912
1203374
71982
1343671
919365
1814565
801727
261494
2198833
1532293
225630
783324
121998
1665257
8902:
1903518
1340699
2100447
638781
1214824
1182436
2528332
1059395
2021524
8903:
1264006
2244694
2319671
2483620
1150335
2487392
42143
44341
2134150
8904:
1830119
480412
1361013
532713
2285692
282486
1432866
1760332
1808924
619330
975847
251209
1622719
1660327
1417413
1937487
1158541
1423354
1006182
2280252
1777669
2115517
1550336
1772054
1078761
306781
1843418
1228034
1707924
1935623
1688443
2003673
1306925
1438900
11621
1073917
2041505
1958055
1488342
950279
337317
137644
682626
1648247
1112406
428031
1956214
2252151
1377617
100723
1846351
1668815
2314681
817104
2643619
106900
2492445
2289360
2550922
216295
254432
392795
2565575
1543136
579426
299427
2542878
1334160
125947
430264
1493524
8766
1582887
2566130
1234137
542834
391005
1752298
1335092
1795189
624889
2612322
2610924
1645694
1414750
415955
554599
2056443
1311072
894712
1815565
939694
477704
1548384
1249312
2421350
1745876
2452689
2297665
1745470
1999823
487637
1438407
1393412
485611
1974503
1351297
2476014
611198
841253
594489
538033
1037044
404056
2054867
1557304
1484394
671029
1691104
747156
1116972
37441
1303874
819311
1800327
2282195
680610
128975
1746066
1517218
1873288
2482995
230409
1438184
2293579
461726
759913
383497
1816932
266554
1080380
285880
540942
905368
1723196
766237
1329759
872944
2331045
19909
926573
1572178
2366709
2255111
1116195
1590718
104603
1590443
1241322
2558681
1746308
2556731
240089
605240
1921319
2383229
148486
170724
306588
326028
2223440
1517930
945099
1115172
1783480
506424
2310070
1639014
1394156
2416998
340578
2597132
120746
786574
1595359
472804
237058
30852
2110979
1720774
399002
1800087
217276
425464
672525
683105
203125
2407494
671808
141160
2068411
648875
1784309
2454928
2558106
221826
1815697
1754970
1593994
1893353
659830
1546090
1283977
2171279
1017867
1673204
2324266
1920755
1155649
2501290
1881619
552191
2534472
2130242
2511308
2595982
2492681
2326476
2644252
1813400
2619198
1094782
1095959
1257703
2478432
2373873
2376951
2278198
773938
2033155
1878302
491277
1810088
1896943
1362840
1115550
1789234
1676089
1288475
2120666
285943
1016757
1882450
2523186
776034
2160039
592662
629045
2172400
1264903
1023326
1157182
741589
2047094
746517
716325
90535
1772506
1708329
1692437
676524
1283831
457944
1249100
5605
403275
496752
627400
2399698
1901127
2561841
1339357
2217109
853935
1581110
2382238
760375
368506
1455211
235124
1408987
46250
912454
611514
531469
2257550
1927799
483456
828693
322406
568464
988525
1173629
2204584
803880
492175
204176
821363
1551757
42899
613082
232420
1355692
836834
483389
988410
314074
1813751
21373
1222228
220166
693518
1921015
530757
16152
1562584
2543907
1501549
540022
214748
1559558
1585818
2516470
2041239
949487
2003357
1503303
1477517
2419232
65760
6478
1983599
1171529
31822
1965851
1330
750074
2382327
1509917
875969
374952
356138
191685
970331
1314787
658574
2248962
452860
1911641
266418
1217335
1519453
1541576
1297800
422158
1202889
15536
120072
2245342
2127133
139844
1955123
1131853
2548702
2496932
1848235
2086486
837722
648230
1054646
1964996
602275
2324350
1357720
145818
2154802
565134
1950372
2349374
1099569
719621
1982150
2397122
1545004
1118882
15961
1879585
32333
547386
2577980
316748
2160857
718700
1819874
227207
2216058
187545
2267118
1063809
1522497
1167116
2364801
254074
2555362
1802547
23097
1494197
411341
1864471
1885426
143888
1306008
1253985
915610
2035261
2362576
1166093
1324097
149494
2036546
106250
2254474
1198348
1912748
1148908
251449
508483
2575310
1514581
749681
2296710
1325460
1297662
2536192
2435207
582074
875669
2462246
1405268
167563
635475
2088937
583160
2234081
91933
206170
2607912
34312
1771511
1211191
1646641
100842
1174097
2526690
779938
1044546
2429389
1984504
1047700
1379393
540538
2061176
2114644
2181304
416375
2089823
371594
669183
1619394
2061197
1265111
1464496
687479
435069
797896
2180058
1510892
1695099
91267
1482044
1852902
1576653
1421110
1080426
5459
1449716
643638
1025095
1780040
1671045
2366234
2366093
2183561
1988572
1141447
523658
1690320
1999270
2491720
1516925
2109572
4639
2241312
342796
1108357
1264653
1882678
1893920
657899
1551183
818833
1235671
1515266
193702
2494410
1428131
878244
2233226
328472
1083723
2170123
97856
2160671
697846
354667
2378581
1762871
1732559
1810854
1222035
1042529
2172301
1099201
606628
1723425
1509644
1922158
1240965
2587885
67321
1893599
409621
1733452
808666
1951076
1019682
573390
2431696
1223242
2093777
1861261
942896
1174554
719980
732853
2219456
2530969
2279394
2312549
2302742
2643233
1930548
1044591
1265077
801668
2461350
1211
829716
700497
2582717
293752
2313040
1872701
26201
2267442
2413927
596728
953126
38812
2434421
1770845
932647
41689
1681890
57881
2481810
1506333
499501
96379
723497
311505
1741139
1037857
267147
923444
844433
1398986
1445312
219689
220963
691193
2575315
273896
2415090
1955222
998388
276037
2072711
1353003
1552252
535897
1180727
879644
760083
406851
453586
2543253
1609480
823003
190137
1670106
2236006
1367265
273097
508
939428
2142862
390268
2616043
2459146
96647
2275704
641219
2010579
1229739
2252510
570298
630698
1915438
2605298
1131947
951934
926527
2382571
400973
114691
811188
500364
1060553
1231891
837519
2240433
2449749
1453629
2613559
452691
1108943
1852124
2551247
1389604
864290
1360389
740291
1639113
457644
218404
1948417
196350
2642444
17147
1142020
2506384
1070737
407946
1393327
1106644
904183
1551845
128518
2503044
1813395
2544521
608039
2469774
2515505
2085567
1034175
750953
838903
431986
1128714
713149
2178632
1891475
2055986
1865244
257387
2163705
1915970
2045623
2065818
772399
1340482
2043652
1699973
1179446
1096505
1582843
2357623
2004797
1411731
768784
333912
333632
478987
1226299
1310994
2427504
756924
1855766
1317190
2384566
1371340
1198764
1313218
855392
618859
1971889
191301
1924249
1140073
176039
693888
1821272
690827
2633833
1560345
2462929
331079
17380
1640023
1059523
79807
497736
791143
194598
362415
1068850
124049
1399447
1947144
1326024
477548
1847519
1038814
764476
52891
2332131
1612479
535050
2272979
295196
1357067
2230189
1286314
2275317
1545763
267802
8905:
2584584
947031
382494
1703589
2194471
616049
2577892
8906:
435184
622712
1556832
126326
656104
8907:
1924872
1143662
306233
1456139
690037
300446
8908:
212971
843954
1232084
1779385
1289881
85373
2355101
1404347
2255935
2288585
2563488
1954543
59318
2260820
2237184
2289649
1901201
193838
2269726
2617709
690747
18881
2286924
2541964
1492439
2378326
1986537
866725
1624338
1995693
2078037
254687
846686
2303084
67894
913516
2266038
1447450
624343
985864
2604430
8909:
2094906
891:
1636097
457798
1356896
2592724
8910:
1416867
319591
1777850
1890410
8911:
1018579
1488957
2634523
2341645
1109576
203174
2537350
1044395
2211607
1068076
2637948
1195909
2357028
2535798
1823252
2582958
1295287
886882
44599
2438443
158190
1611660
863898
1295056
713249
688781
177838
2237144
344534
1361618
1275651
1356065
72524
1830
571945
1570134
1639815
1387084
603668
2199061
1246904
2150521
936115
2628545
479060
2361804
2581002
628372
1593948
1692504
1214761
2247898
2491908
659029
458931
936322
2133100
910412
641776
1848259
497729
791072
1119064
2646359
1910236
617031
1703742
1912840
920724
105916
15846
1276569
1896483
1210137
1159135
1796576
2445575
1413041
1384123
119517
151122
2566956
654734
784018
2285406
2449938
755854
285200
1479375
1421913
1513643
2027351
254470
1994084
210724
833293
323281
15402
1969362
177755
1218800
2228759
904848
2198290
1870765
2409092
133294
2305930
1974847
2183646
1553030
786658
1030008
738784
623557
1020276
1800290
411747
1351689
678920
2199256
2496603
935010
158223
2228677
749739
330020
1336791
1822419
2080470
1919975
484352
1811210
2267322
1412067
990938
217139
2336172
1262458
1621672
1527132
826265
1702250
1815739
1492392
1323528
732065
745267
2365215
1428820
105847
1524033
2213561
2131731
532929
925625
1169727
1468665
822232
2388820
1663558
1386737
2262300
1718834
2290314
463942
1992649
64218
2636392
1467259
1631810
765056
74719
1212266
444372
2137807
452414
950617
119524
840201
2310230
2149474
854460
1212821
1539389
1874620
1936023
2301118
2558481
168371
1103754
140302
7070
2048294
20587
800865
2392247
2305283
1870295
930473
1922487
476756
2609187
10261
2186035
181445
1109893
140071
769335
837044
1689625
1420285
506158
2347605
200225
1794182
2544015
917594
549958
18187
414408
1521586
1089756
316155
1296862
1152692
233647
2538789
1241375
2323593
744698
447120
2579861
1971625
440545
875719
1794024
347778
845960
8912:
1389535
1511881
637596
1468618
268216
1302045
8913:
2097701
1650808
2535382
8914:
1548165
508506
2609857
195247
1374691
74193
8915:
1609049
1135197
1368231
399890
672389
916015
1831337
578452
1660327
1550161
1072119
2540934
830360
1749497
1595291
175548
872876
2288343
2537041
1168871
2345316
2381157
1217517
561297
2052045
1830270
2127921
1554052
868331
893673
1078391
1307787
788212
1943114
225411
401722
149913
446566
182419
2539570
631638
431393
958219
2269943
2139094
2209277
2173896
2261128
1791927
479720
1497521
1126026
1491887
1456997
316913
1984151
2437890
2488536
2156133
1946537
523335
115031
1892892
2423415
1043303
2563452
2326251
1462058
911607
1628368
467057
1374989
1767938
1203562
1246126
1344925
848085
516020
2493068
1825306
858149
1091221
2083362
986319
437839
2064584
694385
434219
1848157
2297396
2237446
182826
948700
2400153
185102
1402246
154802
1981033
2293933
105774
1014969
386983
2557550
1325127
2370773
2637555
1838510
1628504
518770
1392430
1898151
204514
3295
2115271
887739
2563528
261815
1467243
1923098
2551647
2472069
1842325
136433
3602
2291526
1925852
409554
268543
1612537
573270
1587096
1577744
149468
846649
1762225
527428
2017346
2281043
1651009
2293896
1739567
748986
2096448
1158759
371967
1138878
1645727
1308281
2205604
2242324
1209594
1132168
2049638
1918629
1955514
1036032
973584
486492
2310492
2095047
2177208
1292073
2526087
1477137
1763133
698421
999623
910739
1384050
2407875
1211434
631648
439291
1445119
1788712
463801
881076
767218
1399231
1874548
2256869
1540860
1305465
204727
2193656
2218283
2262931
1234525
1236901
887237
875111
456950
579613
2119341
671925
2424581
311869
340848
1066484
673622
56965
1087297
1071482
2142917
1125520
1629347
1555244
1339884
303029
2583673
1790871
155228
655086
1519853
427594
2024479
479908
2268623
933015
2556589
1665842
1497505
1809379
1704009
1065062
1803211
650920
1128366
1236877
1224590
179855
661389
754631
2443158
1765170
464540
1817066
2243794