1:
1488844
822109
885013
2:
2059652
1666394
1759415
3:
1025579
712664
1331154
4:
1065039
1544320
410199
5:
1745265
885013
1997470
6:
2031561
1176140
2336133
7:
951709
585247
2625420
8:
824097
2630686
644003
9:
1329923
2472537
403531
10:
699878
2625420
1874659
11:
862759
1166950
669077
12:
1109700
1056998
903692
13:
140274
2171849
776067
14:
1076258
1663216
549526
15:
243437
862622
1513144
16:
554875
2480084
1794216
17:
2187374
2503129
263315
18:
1734805
205706
712664
19:
887273
1294425
693789
20:
2625420
1508073
1371016
21:
1296163
1075579
973356
22:
1170033
2209675
326587
23:
1512138
989704
1129423
24:
1744889
543981
2360117
25:
829326
2433426
395100
26:
712664
2336678
2422606
27:
1567328
2091010
2537219
28:
1392773
1697479
1990901
29:
1712147
14690
2415594
30:
2173336
2473170
900816
31:
1331887
566690
1623132
32:
889439
1228922
122601
33:
1623180
282486
1987434
34:
1788036
259985
756049
35:
282486
1443524
1319997
36:
903692
1483986
1992227
37:
41412
1033971
724592
38:
844736
2429465
1420990
39:
844736
273292
2387785
40:
950515
2503691
263315
41:
1329182
62996
1181550
42:
1436762
1608985
2298339
43:
305151
497196
2327803
44:
1734805
716091
1990901
45:
1468812
1744889
1174530
46:
306466
2480084
449288
47:
1527030
1990901
2439005
48:
2059652
1567328
132390
49:
1732628
1053359
1657359
50:
41412
247794
2039337
51:
2285616
428170
358544
52:
1402412
1712147
899232
53:
1907667
764750
758691
54:
1306185
2414930
160650
55:
2423875
306466
1481271
56:
2482233
2618229
2467008
57:
1990901
1987434
1401310
58:
1907667
1279874
1513370
59:
2517152
2625420
2312349
60:
1224344
1234158
2031561
61:
635363
950827
834184
62:
862759
1079762
656399
63:
2241806
41412
1058950
64:
166830
68845
408459
65:
1869632
2309150
1261894
66:
546578
2028934
310856
67:
1997470
1608985
2571254
68:
2431286
1081716
1329923
69:
1688444
973736
1602923
70:
846887
780936
745867
71:
2003092
907840
862759
72:
699878
2519847
23244
73:
640910
853261
693789
74:
1910881
1127292
327122
75:
2557615
1120091
1093275
76:
1527030
1056998
1174530
77:
1734805
712664
69867
78:
1943087
712664
1907667
79:
205706
712664
1990901
80:
1265764
1488844
1109700
81:
2164355
1945809
1663216
82:
1109700
145212
1977959
83:
716091
2059652
554875
84:
1294425
1281187
2367275
85:
12771
2353323
918023
86:
2129835
447223
592010
87:
431609
272772
955917
88:
41412
1735266
1294425
89:
712664
928743
1331887
90:
1624421
1056998
1109700
91:
1697479
2321468
160876
92:
1745265
240705
2642565
93:
622194
273084
2600899
94:
2050416
1267643
807586
95:
844736
1005101
102219
96:
265628
2323068
2098144
97:
1402412
1378276
886716
98:
899232
316716
1573271
99:
2240318
2625420
711595
100:
2625420
1199825
2085613
101:
2540201
497196
2625420
102:
899232
573364
1661657
103:
511700
18487
2530840
104:
1945809
1109700
705162
105:
2495143
1183304
1814173
106:
1945809
2309436
669192
107:
306466
1109700
1457332
108:
364518
1907667
306466
109:
1114348
41412
861088
110:
771345
1700625
1395430
111:
2473170
765331
2336678
112:
1674828
622194
1731764
113:
712664
132390
2581970
114:
1583391
530441
885013
115:
1571207
1624421
146200
116:
314837
56069
2600190
117:
577397
1663216
2031561
118:
2256305
1697479
175214
119:
2196868
76196
1186492
120:
2189855
2163521
669453
121:
1644806
160948
1537703
122:
771345
306466
2111422
123:
851740
1462949
888051
124:
68845
349975
1619594
125:
1907667
1174530
1850680
126:
1276913
2581970
310002
127:
53679
1945809
1987434
128:
247794
68845
76196
129:
1127380
249052
68845
130:
699878
2175841
1977959
131:
1170033
846887
146200
132:
2581970
1907667
146200
133:
1987434
2395754
2309436
134:
1476315
2642434
1435515
135:
229944
2367402
2032427
136:
1998117
1737616
1563881
137:
1516375
1650301
2472537
138:
1907667
306466
2106652
139:
1253685
1650184
162348
140:
263315
764281
1712923
141:
497196
2625420
2135826
142:
497196
192061
76196
143:
2423875
1734805
716091
144:
2206364
315356
46036
145:
1273774
1684365
2609870
146:
1275006
657006
1219824
147:
1074029
1086736
1977959
148:
2503129
1907667
1500738
149:
1850680
790505
300074
150:
1223836
1922825
1294425
151:
249052
764281
2173302
152:
1490015
1822148
2017464
153:
1402412
1505897
259985
154:
1650301
1458847
1222878
155:
1359983
1948839
2581970
156:
1527030
1966165
1794216
157:
2098867
1205593
163546
158:
263315
1907667
1140579
159:
154049
2294108
1984086
160:
160977
1648765
2502462
161:
1850680
779760
1109700
162:
1850680
574843
79519
163:
1575876
437597
2343417
164:
504195
2615678
263315
165:
2503129
2241806
1945809
166:
1907667
1468812
998229
167:
2050573
1017542
1917746
168:
1174530
557167
2241806
169:
2024848
1850680
1481710
170:
1463145
1650301
2162424
171:
613501
577397
2543544
172:
788343
2309150
2025812
173:
765331
1945809
2422606
174:
1850680
2609870
847327
175:
1943087
2423875
1734805
176:
2568270
2625420
2004175
177:
1260731
2127722
1650301
178:
1443524
844736
2637836
179:
2380125
1315483
2220672
180:
1191521
2445646
496735
181:
1389950
765331
951688
182:
1373140
192061
2609870
183:
868186
1653075
2367508
184:
2525823
823613
1456155
185:
2422606
1276913
1206156
186:
765331
1907667
146851
187:
1990901
789787
140292
188:
1907667
2425958
2411455
189:
1943087
306466
1966165
190:
917118
853958
2105661
191:
1026389
364518
716091
192:
41412
530441
1651307
193:
1657359
240705
1504908
194:
1172232
323063
471426
195:
1850680
1488844
2609870
196:
975315
1208081
818736
197:
445672
496476
691772
198:
751812
76196
2625420
199:
1609049
1342774
364518
200:
1109700
891353
2515496
201:
1205593
1520458
1219191
202:
2343417
2551641
2469324
203:
2433426
2256674
2012897
204:
1559832
193052
2250613
205:
2054666
231140
1028316
206:
56069
146851
656399
207:
1330766
347081
684076
208:
1432761
712664
306466
209:
1907667
1778432
2105852
210:
1700625
573364
1033971
211:
2390429
2467008
1739854
212:
273292
1459553
1323065
213:
364518
765331
1476213
214:
1481710
2625420
750379
215:
889439
1395430
1770762
216:
712664
771345
306466
217:
175214
264160
1319946
218:
1146418
523965
1513144
219:
1393236
1977959
759832
220:
1850680
2625420
2584295
221:
56069
1912665
2090131
222:
497196
1854303
2618381
223:
1380819
659794
2422606
224:
1907667
1571207
146200
225:
2298528
1312269
2472268
226:
1907667
1981733
267534
227:
577397
2433426
1164467
228:
1144568
1218030
564451
229:
483047
1657481
1648765
230:
1850680
813396
300074
231:
1277134
44937
139297
232:
306466
1966165
1945809
233:
1056998
247794
2211972
234:
2625420
1944180
1335063
235:
1575876
1862608
1447354
236:
1945809
1507459
1221111
237:
2543544
779760
1109700
238:
306466
1380819
1945809
239:
589931
488477
501780
240:
1109700
2036099
1753259
241:
1017542
1400980
716091
242:
1869884
1583391
769527
243:
1515871
1951144
1977959
244:
1519388
2625420
1307956
245:
1997470
2536334
1754989
246:
1907667
1961542
1513144
247:
1754009
689707
1109948
248:
1527030
1380819
2163122
249:
574843
881409
2625420
250:
621097
1514992
2242037
251:
1571207
2433426
1266420
252:
1402412
1945809
1116838
253:
1945809
1242432
1142019
