2423:
1400070
2127729
2025303
1447639
1619747
2518968
2442293
1711398
2079955
1225643
277990
1593063
1756195
2425700
2075528
713980
1719591
818407
1816197
1048586
1190215
553969
256549
1489567
1706225
792192
894593
949296
715281
728873
262353
449992
770042
1806515
636769
2387357
629794
2112673
1811487
1771407
1715942
2509236
1310940
2027713
1775187
2424:
2309436
1382412
1787269
333939
1013160
1996271
1863843
1677224
961731
1932101
2145722
536709
533027
509245
1807023
1711116
2287567
1438546
2557810
1693710
2607660
2524947
2629027
268533
686987
2267012
1737785
324429
2469977
2626047
2547237
1994520
1428883
1099430
1927242
1933151
2168895
1815127
1326880
272208
170468
167612
2060286
130664
872346
2285620
745391
1096351
276189
1679973
782724
2543623
2485683
1821574
679042
1788839
48729
987212
379177
2440936
1395812
1760132
866419
1183322
2147575
836300
1158900
862870
225263
2382606
1125365
415323
2116206
656224
2196278
670954
160791
33944
948884
1622546
1554078
2053996
1169574
2145178
1795728
461809
600737
1202734
2491063
357707
667935
331640
959301
2425:
2346512
850228
1363792
2426:
19132
2066465
20199
30493
2435294
2184252
572092
666317
2476205
2391825
2427:
224599
2150746
2428:
560940
2429:
2135101
170276
243:
2487417
531876
1357611
1613361
2034745
2430:
1609049
1661657
847320
457671
771275
1413984
1806544
1172298
1392535
174311
2153336
618643
1178586
169659
1595291
1350010
690505
1557258
1383759
2619393
2140145
941576
2088403
812369
2058683
93127
573407
1107836
1799789
1655663
2559997
2209724
1791583
595702
427776
112987
1459983
854961
174683
1040064
2463077
303361
1789586
1996203
553813
1111596
2135976
2588741
399877
538989
1084814
1680042
266807
2205084
392809
1942766
2573367
1947975
1560035
1800882
1696371
242879
2087078
653594
2125854
2449343
682761
1195095
747266
16121
1936265
126134
145251
2158163
58763
1183701
1713100
564990
2092439
2255151
1179540
685852
2212681
2197720
748131
1851136
2470582
672583
1105412
1663474
896109
538084
2103778
948700
1088064
1017731
1404493
2463257
60175
2417468
1102482
2001521
2017869
2108777
1206255
1045844
2313689
1631671
141913
1369085
257145
1562327
2293720
521492
718047
594204
2125939
1196020
1419527
2005521
1230247
556654
897831
323550
2071831
210736
2179693
1773139
2309701
1790613
935411
1766842
856019
714534
1651330
1329933
839594
2648729
2312226
2280158
288474
1604597
1951551
1725394
392772
627618
757849
1982022
2646129
2590597
173424
30356
264328
655140
849078
382014
1876747
1336004
230219
1138878
92621
1678265
104935
38293
2496985
19573
1914097
430481
1950956
1661999
592734
99019
1414013
887368
309586
2527461
2431080
2072341
1986286
2171992
1228726
749940
2310422
1288954
2215969
545415
2409498
1887934
2578394
1754001
655628
2323649
658921
166433
1574541
888323
563062
1155870
1785622
1445249
468866
1161609
1784288
320168
1680214
1791680
1871504
2451257
1731657
1737220
2601205
1271134
568605
1784998
982641
583321
998863
873841
1737651
2381472
1790965
1839692
2228961
844008
1415470
606149
519247
1960239
2642701
2432246
911859
743429
2569552
1783064
49211
493441
214763
2265800
264725
605751
40596
2618730
174668
2158212
2428145
579817
1982725
644159
1089875
1316924
1957997
279320
1046651
34990
1665354
212643
1552691
43898
1248774
1159524
1629176
1111693
1508976
1552536
2243637
1864365
1551028
2040798
791803
1412978
686786
2009992
651345
1884987
2619286
80697
1091890
934189
1548219
2310578
1083107
352325
100271
2159156
2485530
579970
2133710
151920
101078
1736797
1177072
2313015
866264
2598979
2202921
1173387
1237811
1597017
2044713
91551
2362092
587337
2083120
1900777
2329607
2176053
1571978
459506
2597404
382663
598146
2186832
2002341
76465
886531
1235347
2238084
617665
591748
2245671
2206963
166972
638727
1027037
2327143
400756
1852663
2000780
541361
2127133
536039
1228301
2170173
209014
1949201
115586
2074317
1539633
354503
1744732
1678993
2230298
1389457
1152440
1308196
1938201
899444
1266809
1401006
1120131
1791853
1566886
737114
2350871
1909560
1576694
861023
1417852
1087326
1094019
2028365
2323752
2471480
1250225
2397637
436547
195906
1440329
2080593
1687584
14590
2218423
1815027
1587462
1496064
2410835
1171391
299707
1281583
376410
357584
2632279
1980804
2291936
1611709
205521
1594336
2266105
2485001
774160
2504403
2480395
1118530
826570
1284268
1384545
1110603
2280853
1679885
344652
2067727
1831978
1861147
2556781
1413664
2320120
2594855
1582350
107004
2039169
83190
2468780
724359
211171
1083691
23938
2056932
60227
103228
1401447
298129
437921
722452
607369
5875
1621713
2211474
1471981
884461
1191002
754958
1113280
192161
1493299
2398002
1955397
2047019
1403432
711652
446568
2033209
696381
1082828
415161
1909591
64505
1905695
2033167
439717
2546186
299787
549784
274954
1991156
1106063
1721295
1126813
695431
1801135
402041
1551348
994577
1655411
1749635
1020499
1250096
242725
617015
1346612
950242
2607087
2002058
561980
585309
1255028
1416744
34910
1674994
1864448
1239040
2649311
412745
1874451
1731974
376630
2286734
2353312
2552246
2244866
1450198
339261
1551848
1671392
1628991
1255352
71268
305
1067999
2270144
212287
1292221
1468071
2356955
2119797
2346720
938181
986472
1291355
2267527
2224728
783150
2081852
1963327
624048
2445510
692038
2029750
2154271
1417121
893720
515993
401494
2590306
187007
2271804
150155
120804
500218
883653
1276904
2554189
1168270
2125305
1496517
2243664
2057666
1378155
2224160
210861
2129018
1782870
159892
152879
2238887
911339
1056254
1774708
50977
419044
2196231
1419774
1620200
994534
1323568
1227391
478043
227531
2519878
629726
146328
680921
2425998
1694850
1899327
49229
167092
1423262
108859
208279
1060216
1363915
688626
2606779
305537
1022559
320357
956839
612913
678908
2436208
861720
1897686
2207313
892304
1045226
1506410
2552878
448314
1952567
2579832
559972
155624
970309
1119824
1001648
1538063
1501193
2029128
1944444
376982
1925418
749442
700604
1598067
344822
587479
1250985
1360895
1740218
1512723
2044173
1222253
691021
2303953
2127196
2406110
313886
465432
1990473
360532
631208
1267805
1015713
59228
2508000
1326895
1498985
1827429
2379666
158863
1767459
2416752
1828436
1249990
279309
2647190
1069391
1236875
2440091
1605430
1578349
826119
263099
1953112
2010678
2386557
733845
539368
729371
648079
1654145
2317092
2477652
1190320
1407566
291860
1876634
10485
2212806
2551436
1854715
2347876
2506563
1978856
1772837
2586617
470686
1095756
1492606
1267803
1347200
534222
228569
691622
761820
34467
1775563
794206
649156
1869442
225968
486660
1711016
191154
1719564
1872702
1313529
1566790
1344415
280137
709949
326668
1300824
784776
448834
1036877
2235482
1773897
1523294
1627139
527457
1443220
2181377
287179
2396325
459277
17489
2431:
1083705
2649084
2500974
1356015
2556305
2361501
1727860
878929
2223176
2143576
1270408
1060528
859412
1584234
289664
351691
2252635
2413544
816942
2261347
859068
2497752
38464
333164
237467
1841568
1305625
1439407
1873039
2432:
1081611
139906
182570
1700810
2433:
928691
1034825
778213
2426152
1288714
2381683
2571705
1473595
1481712
1167701
1104838
2298914
1300541
799442
1825580
2027
494201
2505919
1143750
1895843
2607720
605121
2515334
1077512
2014371
2603478
1261357
1415381
933944
1356896
2501181
2430041
319750
1384223
1051431
2101566
656930
1577281
1580834
120346
1127723
2273710
1033845
569566
162774
1860885
2042611
2241291
1228568
913820
760151
2216150
1758466
347202
2434:
1628934
971859
77747
441760
767267
1632591
2101238
1726749
1101416
364215
2088671
665127
2435:
328386
981995
2191844
1809046
2473907
963762
1353216
1710416
2584528
1704647
1451690
101564
1295399
8915
392001
175631
987197
239551
841969
2120049
1071141
2276725
1777553
2046340
1261875
2000221
1889702
2526769
2436:
2596368
712067
2437:
2146656
497341
2438:
713359
2439:
823613
1712750
1702824
526348
1545466
167567
1576996
217147
1104931
1948549
410881
170234
1679359
88713
598113
590466
2229124
1074666
160474
1846827
1125600
244:
1046518
2440:
2098215
829668
1331
1843338
2566057
1305391
2641058
315013
555073
1384812
1329317
1487325
2367436
2020895
493308
1080889
2376021
1769783
2385410
2269084
1505206
2644333
1215137
1053526
442493
1821473
1346829
1244565
2005255
2353713
1369194
495515
2010935
1256826
2113720
1571013
2004207
724351
75006
2588046
1429738
1558052
2097123
1608147
2441:
2532865
887400
589967
1696006
2476143
2013913
1880303
1573950
2398369
1703601
384378
2040
367432
1045972
1571958
1956933
879812
577304
2461263
700939
1719062
599131
537915
1290128
966181
2434312
1837671
2077538
1189681
1969090
2101787
2036164
1228534
1113683
1822897
1937750
2399649
1435499
2397593
2020359
2190763
2128927
2595753
1902025
1362688
409867
1353740
2175791
2120664
1506221
492993
625403
2582088
1291209
2159152
2077269
1440344
255074
1860087
1288984
1596471
1743047
141965
1399240
1807489
1609451
362369
385778
1001097
2518570
1042772
322728
1741249
315080
1773232
2134123
1896521
2337236
96050
1451762
1943557
2341026
1224430
2172954
1655113
2128278
2504364
1956836
139460
311189
2008037
690435
1616085
1497932
234593
2004729
1167031
2525563
927141
1358598
780051
2374914
1990472
852389
453174
2122314
1099153
201896
1527380
2357076
2400417
1992646
2258594
17836
325967
1735604
1677707
1648109
1609123
2112776
798425
2416977
22750
2141209
2381183
896001
2529214
1804519
260423
2209974
879483
549430
139433
2612084
1549637
2402791
1143164
945889
5856
329378
634255
1707099
1029377
207795
1962728
1276600
2216279
554053
1522973
773733
1699740
1426220
513427
152955
801546
1315688
580781
2157446
1264034
355445
410976
52009
1722669
205885
475676
720110
2205805
1722720
1205217
2110580
2214887
1657241
1268213
2237481
1743470
2308857
243358
1895504
266034
1946577
767213
347679
2273599
1529362
1071612
1242170
1429714
42687
948475
1536410
990043
1185974
1815669
529558
1489043
115821
2175255
33388
1081646
1815337
242698
1593565
1164547
726749
386868
163077
1642926
21003
1117496
1464999
1975992
2583891
304156
2513171
2322058
2289096
441360
2233156
2501997
2448336
5112
1164370
330084
2616127
467400
1624011
1106653
1560256
2568328
630783
1467739
2102232
2459262
2286050
58973
1425508
586571
1290777
2038158
153811
1457000
2260193
2568038
908238
1800902
2279203
2253668
1483029
1350399
2236896
2107345
2308660
1416430
1006739
2486537
2206911
2577949
2355912
2045756
1827517
2107495
654083
2618896
1258980
1173427
472659
106290
2521771
909041
2473560
716497
667166
2125652
1861609
2562357
2288312
2409049
2459999
1085175
493872
155880
1384125
519689
50987
1178380
2142862
1618164
2575169
2582123
770196
1437824
1402778
2442201
2593804
403787
1940902
1374928
378466
1082534
1768986
1861467
575651
571983
1442232
1713129
2457796
1961584
1209287
2468822
1549978
1145948
1479522
2301114
1715643
190823
2574267
1460220
2362853
95007
766523
1687796
823544
1036282
90617
116042
257285
481241
750204
2615067
1295357
1369093
2048052
579645
313416
1128513
134928
1719418
331240
2217941
2322068
1878364
1457707
965629
489923
471276
1363127
1535358
1636377
2027486
1226574
2433705
2528875
1914178
710859
2637804
847817
2366733
305910
2470766
2507981
