1:
30878
2647871
1283744
2488120
317050
1904905
1989766
14756
1027056
1149588
1394012
1406595
2529547
1682104
2625019
2603381
1774623
470861
712610
1772839
1059319
2380848
548064
10:
1952305
1531863
1000:
2326571
977808
1010534
1861759
79755
98259
1960212
97460
2623506
2409123
1959111
809597
2251189
537705
929584
506737
708895
1900790
2553920
1196779
2411446
1002296
1580442
100291
433455
2368043
906984
10000:
200206
523108
10001:
262828
2609496
1474804
831991
267142
2305771
220050
1959883
27822
2570808
90355
2417258
264764
143866
766895
714089
2350428
10002:
1450941
1213181
308502
2581993
10003:
1515111
10004:
1737087
1270334
1262711
1903515
2140798
2479158
2161335
2099522
1291600
2198877
2214717
1936582
84804
1257912
1263375
735147
1186407
350806
1141242
638738
590598
1704823
2238464
273497
2499539
2543444
119309
2540335
129495
956464
1648424
10005:
254775
1892654
469365
793736
926698
10006:
1093333
1982605
1534853
1632583
10007:
1204847
2160216
248206
835054
1064667
2419805
2084848
671106
2087887
1340891
1917538
2018945
2520477
10008:
1813636
2048630
930946
1492860
1687570
1122917
1885441
10009:
1927533
1789102
2263612
964421
701514
2120902
1001:
1050889
67976
1025642
624334
239718
549109
143504
584301
437680
2434971
400819
1841130
1926199
805709
545109
662875
74408
529725
1786012
2382523
1358422
780049
1894639
1014799
2176030
286045
1381947
386254
224172
404085
2005305
1956315
2580275
2110738
1525405
2187027
1995906
2133433
2097983
884805
2083077
1642134
2550380
2559056
1080407
1455000
498315
2464251
1149181
2117376
1368543
1216717
1727516
1771413
2326782
2423679
1198786
1042938
2640911
328713
2591056
256030
1363889
2615076
52736
1359594
1385396
2414993
1274754
715115
795536
1991455
1107351
1451770
1433190
1769644
875020
2456714
906813
837457
672807
1863197
2585014
666419
1849372
1308814
2344636
755775
768710
2334860
468090
1996056
1603215
274970
1060880
721144
1381762
1589154
2033841
1372601
2339869
41031
655047
916708
1924771
1686092
1552908
329102
1181907
1762077
1583835
773994
25452
321005
1369500
2429351
396491
1745676
2204817
2624938
491487
1298591
77828
1047191
2642897
2494183
1337506
1802655
126058
940778
1988427
1720476
1947287
31062
10010:
1462925
52050
650466
1813166
2224061
815731
154626
531384
696688
1088633
639327
59938
1856669
2034703
1060588
2475682
1075860
1633365
681503
186927
2374977
2113696
1677862
10011:
1624701
2646826
10012:
2445069
1483604
418164
2491070
1485175
1043648
1913770
2560523
2416960
161063
56741
2301550
1275794
10013:
2503691
1222878
843201
2271154
1346139
124014
1501028
2201453
225422
222553
1521657
295833
10616
512945
844777
973206
2246803
395087
2360499
1153049
1846387
1454544
1018789
914602
1321443
1150421
2045002
1379641
178089
291407
2229322
2177405
105997
2346736
1729494
472225
1233535
1529676
1414279
461311
1715286
1714052
649457
451510
494014
1544885
110412
1894679
1006623
467438
776931
952735
221590
348279
1911099
1923760
397753
10014:
1626179
1359761
430376
723484
839609
10015:
975179
829739
1732761
2162539
933118
467156
164480
613439
1312973
1769664
2477285
484575
2602717
1320821
1236649
705793
1395812
2056853
770517
1514136
988835
1172474
1213571
1801332
1623337
588400
2378764
2405069
10016:
1751359
234929
1759349
1604433
1003759
10017:
2280428
1129341
1377724
10018:
305767
2316945
2173031
676747
354053
2119257
2282361
1670793
1960248
73918
1516345
1236649
1403470
913554
647979
404170
2487526
502190
801510
2126132
1652905
828150
1634975
324441
1569186
905901
1435115
1140656
423065
178629
10019:
22036
1126085
487154
261890
204512
2350988
943653
1725053
1967016
2042897
513351
467597
475394
610785
1191387
2597191
289045
1466477
1970876
1259566
2049251
2535358
1041111
67095
1989902
1796655
1772740
2356037
884657
1367415
1394476
1137339
658929
518974
1568346
371346
1207852
719156
1151159
1882122
1340177
306688
2455675
1750548
2145783
1191324
389917
505579
814902
245527
1462807
459444
1591721
1214125
398395
2093048
1933736
1274113
1994982
258371
378543
1703266
2250647
2085688
2391227
2380848
1116868
2157768
1306541
1002:
2174660
1685301
2030264
1419286
2520929
2035568
1288929
1680156
1858104
988266
2633719
156594
1384253
1417842
10020:
922636
1967058
1949297
1562927
2138373
431122
1077653
167248
776126
722639
2341725
1252652
251807
1751559
2398282
705246
47787
1064752
2308022
2414321
945481
1854443
2035232
951643
2381070
1011906
908968
10021:
2366406
1033592
249998
1205724
10022:
510391
268014
2511719
661571
1824779
2178013
2104013
1829777
10023:
1429287
1321374
2563028
679315
1363076
982889
2107604
2286495
1756370
2317624
2548120
10024:
2059382
1210053
1654205
2027932
311377
2161379
1611053
516686
2529292
2248946
10025:
1791064
10027:
401511
2354884
1951605
1609548
2620148
37748
2414149
748800
1050405
408479
2361485
97178
329172
307876
812384
1619494
978638
825069
2472069
1837559
1549473
163607
932638
2106623
2611092
2602187
2310492
916375
1591556
2389108
1422109
764479
1945345
2308597
2092389
2505218
1973874
174668
672519
2568396
2015359
2228062
202876
2163080
2422758
536155
1179516
1503954
1967313
2577872
2327767
1169517
2269919
1608374
425537
1658682
669364
2057570
564258
1744450
527270
1656050
2420503
767061
1200899
712624
1955071
347886
1229916
1825013
402519
523629
58130
1155332
685923
2605052
865625
919670
1606382
1637481
644233
2011133
2055639
1766599
2032781
2609268
1561126
572440
10029:
2293890
1141552
1823836
2551226
10031:
548690
2518265
1575474
2203195
1578801
2614194
1224756
2157060
1528644
10032:
2329101
569745
640080
177766
1949239
624145
709091
2104131
688765
1390809
336400
1268066
470044
1791554
1920755
2317575
2488926
1212320
996425
123345
799400
824189
650940
1573281
910244
1547411
2222535
2458016
83110
1274574
1587304
2214218
677039
1903221
1879733
662218
1563172
1724551
775034
884907
2174325
739713
1169824
61009
319516
750365
1819621
10033:
1989027
1227591
1810636
1335621
1001590
1207661
1401075
2403799
791223
639727
1957988
1762834
1381789
334033
10034:
2107088
69088
10035:
1651047
811486
2112205
2070135
2148631
2212430
822400
49255
801884
1303306
2268521
929407
2172403
282064
1985000
88318
1408280
2440091
1813810
1727192
10036:
2105693
842613
2557615
2125051
397569
2636037
2063030
2159553
1531624
437680
2091752
10071
472432
215393
1324372
2619107
1904442
646572
1970420
2461533
1880905
2030429
1845130
1521902
2161
2134637
417734
1010725
1261548
2316498
2494106
1082992
2541752
1317259
42211
2214676
1554836
234405
41897
2536262
2240178
1097048
2124584
671935
1677871
1223288
2192915
2068878
426137
696122
455707
1714077
333914
707412
9450
1390002
970271
1873549
2494920
32361
556369
504989
1030812
2350832
2401396
2207277
2035729
2646867
1154500
1132428
558523
8580
22964
1595703
1995943
2023361
2437646
2303816
336016
2224280
2438187
2465683
845006
1934299
2021702
725549
2031681
1441351
259822
812240
1723408
1994101
1184088
511569
2008955
576406
1371204
33130
1125370
706530
1511155
1787860
8129
2026150
1190492
1581139
1522922
2598077
1647159
2354598
997168
1008576
2046106
1466613
109154
2257846
2525634
1391499
2535303
1394196
1699044
857146
195153
52147
2398282
1715538
1981250
1585765
87273
1281611
1549677
355111
383108
180775
730570
1961276
1850833
228544
2344026
1841778
1372729
1801097
1197941
2006300
1227437
1438082
1109446
1956794
1791704
1914110
992576
264916
578055
782690
2383290
1544559
2179884
173760
747219
1782055
2646027
1984941
440949
924842
755689
1211291
2574257
2345522
220702
730768
2469669
1409483
713561
1994152
734075
1815129
1396608
1742906
1573284
2570733
171163
2090999
1636781
275039
2332819
174415
730375
218046
915942
875205
2418467
1384878
586402
2460085
1493212
54040
1445403
2067671
2186035
25266
260961
1451269
2213786
130601
1643234
1010065
1752442
123767
2063882
2178343
1722278
1449174
387679
76156
442546
10037:
253214
612895
769764
396150
2555464
1988133
560277
1839686
2569369
1845071
1627613
948108
1316833
911710
10038:
885147
1144499
1411630
1069925
836219
1417121
461985
1148007
7059:
442058
1364011
1044060
139349
79268
2435232
1648946
706:
6736
2602249
1131491
2614179
1590144
175828
546733
334957
895431
200805
2579300
1139525
2093771
542006
2461734
243304
79408
1456376
861322
1232251
2004524
1422484
1149964
1602924
7060:
914918
2164355
1511865
1316043
915950
1223397
502920
1775124
1993011
1263161
2603689
891081
1360410
53163
942301
2061208
207479
974864
358298
1984028
1319061
1737968
41153
1013518
2036122
2372533
1410346
608427
1010363
436288
137358
2388917
1854047
1693122
1970073
185638
1393214
2562136
2624474
1066534
2182008
50600
2600129
1539617
1238694
1756878
897047
582086
2035003
1088225
2085656
386047
1998226
1006570
1485312
2584918
78804
9450
2640999
243796
1277718
993115
1512703
2610602
421639
881355
360956
404854
737885
1890748
6510
1831040
2170592
841275
874912
1245318
1774678
636608
2008591
1825375
1204433
2647989
2450643
2032309
2067098
292870
2251189
1369542
187605
120532
953043
436424
190710
888872
2592376
1718990
2018908
288088
33068
2582195
455999
100157
416436
1214219
157878
2197448
644154
2141429
1599436
2535283
452236
2014590
1875533
880312
555288
755447
1297814
2338166
2089599
1958930
2535902
1542054
2067344
101968
807248
2556593
1769529
1715755
1724289
2454743
247346
1384223
544844
921965
1630852
2562859
2227885
966330
2190324
2247214
599992
2082272
1137197
1525869
1968420
1643945
2580501
1091331
1724142
1113651
1619735
662462
1060975
1958194
2054436
24814
44640
2545505
915949
2386179
289879
2412372
1071315
2405654
2512592
1335368
1267941
1010609
349062
2557077
2176695
2325537
2568398
1332487
2053581
1432363
1713747
2613119
1274131
30161
2427076
2105294
533381
2197082
2062408
269611
891670
711263
158928
84102
682874
659509
900436
352650
268334
1252702
1025133
7061:
1371108
1756402
696924
346253
7063:
1119376
1827952
2073307
605717
2081632
359841
641055
1527788
1759825
725810
9433:
1153026
2574793
1750294
2168578
465869
2567382
780116
1212700
1691667
272074
2158350
1279939
1499212
1659444
1611032
692449
1788416
2085487
481700
974821
1128287
2610537
292339
1091756
2186635
939283
1723095
1537626
2486076
2280882
2211501
1326765
1699419
1384058
2118197
1024578
931620
2399071
1522549
1485175
812707
2562314
2498281
1599174
168081
549867
607789
2322950
1407708
1443537
1655325
735260
1988433
346238
2295255
1428628
2559769
1692704
2297323
1840165
1574840
1437203
409632
793225
1477279
1001878
367866
618656
712347
2044864
710904
680041
1299769
1570952
2290022
1544421
1679347
736192
1129367
1439066
2077316
1895279
2643911
620063
547165
1617425
1336421
1659619
1043992
222215
1186626
1125895
660378
160760
2130074
783228
1845478
547315
1114669
2389347
1529508
1111061
1337430
2545804
341438
2488700
1096481
1553750
2376241
1792378
2542439
1541375
1245222
1127087
2335293
576723
2644871
118579
1158878
478707
2340978
2268617
2146064
2018196
812760
1241498
846471
2622255
2377859
1660116
1132279
2557928
433069
484141
2468302
1098634
304409
2057574
1453039
1934112
1006853
1183706
388936
276050
2257357
770911
1127224
1795152
118726
1769069
856992
1399607
2414042
1545510
2027729
2481092
2533356
2560849
1230983
351923
279787
997402
1623512
598882
1281059
739992
2439272
1150156
2235318
1801332
1612915
2039482
2396163
1298745
408501
2527864
1740017
1875899
2011870
284200
719223
1386369
815719
775382
1026909
1232521
1340173
1273553
995199
1451620
9996:
66828
1149582
336696
2462908
1589627
1720226
1194354
592532
1351081
80354
16792
481320
899431
570792
1619158
2571420
1817485
1206224
1553993
