1:
30878
2647871
1283744
2488120
317050
1904905
1989766
14756
1027056
1149588
1394012
1406595
2529547
1682104
2625019
2603381
1774623
470861
712610
1772839
1059319
2380848
548064
10:
1952305
1531863
1000:
2326571
977808
1010534
1861759
79755
98259
1960212
97460
2623506
2409123
1959111
809597
2251189
537705
929584
506737
708895
1900790
2553920
1196779
2411446
1002296
1580442
100291
433455
2368043
906984
10000:
200206
523108
10001:
262828
2609496
1474804
831991
267142
2305771
220050
1959883
27822
2570808
90355
2417258
264764
143866
766895
714089
2350428
10002:
1450941
1213181
308502
2581993
10003:
1515111
10004:
1737087
1270334
1262711
1903515
2140798
2479158
2161335
2099522
1291600
2198877
2214717
1936582
84804
1257912
1263375
735147
1186407
350806
1141242
638738
590598
1704823
2238464
273497
2499539
2543444
119309
2540335
129495
956464
1648424
10005:
254775
1892654
469365
793736
926698
10006:
1093333
1982605
1534853
1632583
10007:
1204847
2160216
248206
835054
1064667
2419805
2084848
671106
2087887
1340891
1917538
2018945
2520477
10008:
1813636
2048630
930946
1492860
1687570
1122917
1885441
10009:
1927533
1789102
2263612
964421
701514
2120902
1001:
1050889
67976
1025642
624334
239718
549109
143504
584301
437680
2434971
400819
1841130
1926199
805709
545109
662875
74408
529725
1786012
2382523
1358422
780049
1894639
1014799
2176030
286045
1381947
386254
224172
404085
2005305
1956315
2580275
2110738
1525405
2187027
1995906
2133433
2097983
884805
2083077
1642134
2550380
2559056
1080407
1455000
498315
2464251
1149181
2117376
1368543
1216717
1727516
1771413
2326782
2423679
1198786
1042938
2640911
328713
2591056
256030
1363889
2615076
52736
1359594
1385396
2414993
1274754
715115
795536
1991455
1107351
1451770
1433190
1769644
875020
2456714
906813
837457
672807
1863197
2585014
666419
1849372
1308814
2344636
755775
768710
2334860
468090
1996056
1603215
274970
1060880
721144
1381762
1589154
2033841
1372601
2339869
41031
655047
916708
1924771
1686092
1552908
329102
1181907
1762077
1583835
773994
25452
321005
1369500
2429351
396491
1745676
2204817
2624938
491487
1298591
77828
1047191
2642897
2494183
1337506
1802655
126058
940778
1988427
1720476
1947287
31062
10010:
1462925
52050
650466
1813166
2224061
815731
154626
531384
696688
1088633
639327
59938
1856669
2034703
1060588
2475682
1075860
1633365
681503
186927
2374977
2113696
1677862
10011:
1624701
2646826
10012:
2445069
1483604
418164
2491070
1485175
1043648
1913770
2560523
2416960
161063
56741
2301550
1275794
10013:
2503691
1222878
843201
2271154
1346139
124014
1501028
2201453
225422
222553
1521657
295833
10616
512945
844777
973206
2246803
395087
2360499
1153049
1846387
1454544
1018789
914602
1321443
1150421
2045002
1379641
178089
291407
2229322
2177405
105997
2346736
1729494
472225
1233535
1529676
1414279
461311
1715286
1714052
649457
451510
494014
1544885
110412
1894679
1006623
467438
776931
952735
221590
348279
1911099
1923760
397753
14403:
783208
2649050
2353996
1780874
536858
2127805
460618
898504
953390
2240577
2535081
801765
2489908
1941091
1168738
2072235
117209
1945685
1635011
1357580
2150569
1227394
1902250
940870
1612282
2260612
1560148
2176004
2149577
413125
1230129
1799083
1297705
2569078
729435
2054736
2229792
1957754
1648893
2479113
1874548
752626
2464550
2123995
2375944
1065796
269733
2050577
117742
1801305
2122838
477854
1716867
2294649
97893
1334997
2432427
486403
1412925
2528668
1382355
586200
1723702
545568
97613
909744
1078528
1493068
1155810
888462
226396
2425421
1566480
628761
719021
1580447
1839575
1939078
1288321
198459
365267
519622
701261
492885
2527527
589287
1090022
2606353
1047781
1024368
1769515
2107451
2649230
1529388
1112006
415743
1024732
2372270
443117
2606726
1673054
2139273
1322556
264080
1699618
1872993
307437
2383787
274920
1540102
401023
2236364
1360929
527565
1618907
1041480
1697272
947199
950488
1692906
2130053
2279763
1470754
615647
1401918
590380
2139244
101505
254620
2108482
131910
14404:
2373109
1721571
237655
2606820
1351590
64531
2640403
496686
664333
1602731
28612
1744936
1874348
14406:
2145169
14407:
1702437
760917
926358
1053557
2597480
909570
1760355
176400
1229291
2355466
2477377
727484
1329985
193529
1250055
102029
1754135
63967
52183
1290112
1998010
215091
1966321
738369
1938454
1579347
2306526
2226988
92548
723061
1995124
1885135
45111
170957
260234
1386087
1505979
566076
1244587
1226611
1998856
2197463
258094
1225639
134056
817834
2160031
1806955
2137371
720310
1280613
1439601
1141936
965562
178312
2494967
1083423
2128251
158839
625146
1010271
2002241
2130547
904759
1324010
871228
108407
2016364
101300
485070
331875
1663947
476995
827699
1704897
377550
1921588
498148
1239491
1546988
1195541
618433
725220
2339235
1464693
888785
2242711
204296
859101
596271
1044669
739201
669132
233989
984731
1277830
1651932
1923952
2106812
1051187
1356583
1865558
255564
2472322
981433
2428039
497114
893185
1652344
1239755
1143879
2480001
2588803
677312
1412530
1438768
607199
1470913
1915227
1316449
2080830
699941
2174060
1467578
670719
2169425
2072325
1741072
1773588
1960295
2329759
1779184
2025398
1872828
247386
1603020
803179
1845297
654959
527149
598342
1527378
2400035
981498
1395102
677613
237467
851260
950465
2468622
2426728
641249
14408:
784320
1638551
1575869
2506442
917660
2038846
2544774
389377
1019960
2448587
881242
596664
2560688
1792378
1467008
514112
611003
2647201
970786
170617
2432559
163632
2307638
539709
1339689
1315701
1946638
1088404
63826
1682225
1619
2098911
2191570
1044319
772399
2525065
787772
912844
14409:
1622041
1175745
3800
1110138
399772
1441:
2619271
1078785
560140
35353
596487
1422502
2169725
859830
2079465
2613410
2345579
1479629
1681423
2120629
225876
2586627
850777
62801
724938
1313805
2445373
510236
872921
1113683
1026894
2423160
2131508
395590
189744
565012
1529010
263004
1848525
1116748
333675
1555004
2510226
1898578
1374431
1054225
1817448
904999
1662962
2081709
2615142
1202646
1132090
1511081
120438
208631
201774
2548691
831477
2284673
390205
1151476
1182864
1265317
233121
1421917
2237318
1963126
515463
1627451
240376
1174723
913788
1453589
1826656
1547287
841019
1947039
2282813
1563153
2525801
325498
1830170
1451807
2503778
860138
1582940
2095681
1434075
962872
220849
1950600
1282510
1985612
867361
180856
1593284
2644209
127291
1615153
1699787
2319442
1750394
1136132
50191
1041710
1500219
393669
26612
1326003
2599718
1322265
23714
1534356
1458408
304992
2141023
1212540
543187
372378
395996
1321184
804666
1051669
1101011
1780074
1051618
684016
1803287
1493247
628380
623634
1285441
496874
853571
793526
2338
200969
2378212
1909854
2007620
1039193
1207627
1392952
2619557
1047415
573803
827895
216831
1711999
2454670
80461
2116398
1599094
2353312
1281683
1014582
2339325
2135067
1020275
1019084
1893719
2276446
1901856
1672633
2173428
2350628
1136967
1232372
1722097
2214917
1737132
2102954
2465147
1775075
444411
1779271
1918163
194773
1229267
1414170
2571608
1037981
741825
1258805
653059
863255
86970
628089
968784
1643906
1302710
571675
613512
776886
1824572
266360
1704067
415355
1877457
865207
2098632
2118742
447424
1481344
133383
290261
17770:
343789
605115
1476398
829192
54864
533482
1196966
2334295
1778:
2119165
1738341
2024511
297655
964584
2202863
1758447
1099675
1686134
2296294
901269
1021080
331323
1551218
307979
1779:
2468762
2399849
1957490
2569247
178:
914547
1459553
1212397
2268768
2532707
61807
2511092
1097699
1474581
696469
188722
1986466
1098641
2520037
2360499
1600613
989507
1628041
2380375
43696
2392564
784630
875020
762572
1958355
2412622
2442363
647861
2394811
537807
2627184
1993577
71519
627048
2550695
2364456
487277
2231980
2528244
1858836
741653
1103443
1461407
249419
1780:
2163122
1880775
1107482
818884
982995
1730773
936746
2060998
276885
441887
284782
2634788
1272199
1781:
801523
868935
352622
1551295
802326
851546
1883079
1468575
1886082
2039218
1738950
2424317
2439001
936949
354333
1482680
1593899
2448527
2368041
2252900
1233239
2058764
2057316
180823
1792401
1490513
2310726
1284323
2453015
544883
2489318
125283
771994
110193
1703008
1556665
2533807
796392
1016931
1782:
1728300
266687
1340867
2149534
2229997
615580
1530817
1832990
453211
341626
683459
2028303
623589
1797112
2549647
981856
992207
1783:
61234
2129713
1697482
1236105
2230067
1165045
1842709
2145441
2288363
789405
906994
1899086
2202386
1229848
1577435
1842027
328223
1741931
1186943
2615661
647843
1211036
361605
279184
1121699
522520
657195
2477831
1120735
1059793
1860273
1743776
1828490
309143
1167296
2233650
960983
117032
2009562
1986617
1175267
1458712
2262890
2199222
1897420
632821
64996
1661717
874128
1302846
1326154
2349628
2274438
2502351
1385140
147712
2058895
724185
1263226
2422584
1453544
970736
2228502
1058605
492555
1518706
1891931
1879475
1979737
838589
2006621
65062
1967069
1306629
1519929
849959
804335
2318515
2451548
1940479
1527686
735895
1278724
1191409
661449
1059961
906992
2075890
73678
2229134
2044968
1927611
787642
2136266
2084948
1784:
1248452
1324539
1309456
2371389
39242
2125913
2590819
613002
2049070
104583
2164982
239920
2179492
1785:
2013479
81516
335555
114790
2115546
1832455
