1000:
1960212
10004:
956464
10005:
254775
10006:
1093333
1001:
286045
1762077
126058
10013:
2201453
10015:
2056853
770517
10018:
1960248
10019:
2042897
2597191
1970876
1882122
1002:
1417842
10027:
1951605
2577872
10036:
2214676
2350832
10037:
253214
10041:
61343
10042:
780937
1552853
1349810
1077278
1521559
780973
312508
1867253
1968900
2448196
1992363
822956
1227734
1783909
1822764
587070
622634
2340925
2102387
2076144
150344
622800
10043:
2460018
600986
2335827
10044:
2241622
1213190
10048:
1367805
1005:
532649
10053:
1424098
652469
1111395
2018196
1615992
10054:
1287459
10055:
1070295
2046048
224795
10059:
962754
10060:
198094
10061:
72207
1615526
1699740
1265308
1643042
446258
2294599
10063:
2220804
10065:
2317837
10072:
852660
2227829
339113
10073:
844651
10078:
1348754
2372527
2341546
10079:
1631358
1008:
1619646
1827918
10080:
825966
1121110
2633459
2366251
1879955
2440264
2160193
1005654
2348911
1904049
2031456
2512596
1487263
579577
681719
2438325
1839465
2185946
10081:
252944
10082:
1088027
189653
28039
2629402
278634
10084:
236368
345191
2152889
10088:
2631668
1628738
1559911
349217
1463092
1079413
2531020
10090:
2606628
10095:
2563776
10096:
565596
244360
1591355
1393748
10097:
326858
10099:
2337346
10100:
2360507
1233297
10101:
1797672
10103:
2029890
1056041
10105:
874505
10107:
936167
10111:
1863002
10114:
1519729
213279
1425555
2026641
834314
490027
2552360
1838993
770544
2618167
1982578
2517523
194170
2135166
1910771
1531190
340181
1143550
1931621
10117:
2063888
408406
10119:
1852987
1526299
2042275
1540737
1162923
1012:
1337046
1574829
1030798
474091
407146
160659
1904406
10123:
2520425
641909
439
643126
978956
1006160
10125:
624191
10126:
530942
10128:
749139
10130:
1922970
904486
1895257
10132:
1060432
1091085
101011
10133:
1298051
10136:
34872
10137:
1578429
1351590
1274659
1854652
10139:
1177552
10140:
363114
10141:
616280
46493
856824
2570299
1184222
10142:
205005
10143:
479424
986066
2579356
816232
2456712
177636
1169307
10147:
2445510
1103566
10148:
1025722
1015:
266128
10152:
401931
1293233
2425364
572591
1624847
69644
18376
210497
1701171
687178
1127800
2558345
10153:
1167696
10155:
598848
10157:
2351042
10158:
1306271
2124644
2257327
10159:
181112
10161:
1293472
10162:
1457870
201798
2317874
1666386
61189
2277646
384013
1794701
10168:
2605547
1983821
40063
713423
1059470
1271002
2526668
1701111
1405157
473263
1816016
1446413
781787
533796
897970
1284113
908254
1098382
865401
374794
1368215
383349
496290
2350387
2631614
1017:
474143
10170:
1237665
1382909
1417471
2301892
1706152
1970763
686018
829594
10172:
1949018
10173:
1345093
1586047
2368815
1200424
873656
2105872
715883
2294724
1403451
815530
10176:
1586450
10178:
768927
10179:
788237
1018:
2500683
10182:
954273
571761
10186:
101782
10189:
2325811
399313
10190:
2447529
1344484
876046
2499342
10191:
1821485
10199:
901273
102:
2312973
1020:
83060
2549948
2571787
1058584
1430991
382243
2428768
1300331
1378880
1897430
684470
583909
1855652
1574886
2164555
2002009
10202:
955606
631021
10209:
2463861
1647758
1021:
868733
10210:
2282309
10211:
1389212
10212:
548756
2378149
10218:
2012149
10219:
6835
2346811
1022:
1116605
10221:
1652439
10222:
1011106
593513
1454123
10225:
24855
1516911
2195683
720184
1949868
2295554
10226:
2638110
413197
2576044
2190892
2432494
1566176
923656
470656
1649605
1968035
10227:
1052986
10229:
1474109
1470317
2311109
1348641
931131
403569
1812793
875898
948308
1571537
1074215
1570262
1926993
1230974
1374047
1495286
2493633
98178
690724
500608
1044987
2505707
1023:
1894608
2484001
10230:
1285861
1633016
212605
10231:
2494064
1734512
170982
1308242
1295700
460007
2131870
667207
309933
1783105
9954
1032031
254999
658483
793087
1193375
1878264
1670109
1420371
1529282
1952464
1079056
1471562
1138686
2515777
2275662
2544518
1365970
1646402
2559602
533671
2575159
1827051
567438
477289
2561922
208779
2393132
2280153
1207093
549019
2004362
1329415
705089
1960654
1360134
512742
2064888
10234:
5017
10236:
1320886
10240:
1500967
1198022
10241:
1000194
2044892
698701
698210
10243:
591184
1544462
1018245
10245:
2128304
10246:
2291413
10249:
683401
10251:
2205636
10253:
2179210
2547515
10254:
1219822
2035004
281727
1503534
10255:
1870008
1939822
2459178
2281678
605707
1026:
207892
1808876
1670801
624892
10265:
885855
1027:
2107589
420318
1504052
1265746
1674299
2429050
1362346
60137
897590
565729
1637613
10271:
2021203
10274:
1738910
2300950
353657
10275:
1814174
1036217
886882
540747
51306
574493
1738367
602270
1628681
1733878
78123
151575
1366603
2542121
2257125
43266
56486
1731960
405248
2291221
10276:
2575506
875445
2566167
707809
833214
44641
10277:
394320
670073
558099
1043561
2120752
2596555
978008
2331638
413324
2591649
10280:
236943
10281:
1447847
1100850
1064376
1067141
1338129
1263569
1522938
10282:
8999
2330565
2037738
2263343
10283:
2506110
10289:
2636750
10290:
1992558
1431096
10298:
198666
2272594
928816
2460897
1577163
10300:
1847330
397938
2604757
10304:
885804
10314:
345869
52613
1187402
1921715
977381
2345327
1977057
2418480
2351923
1506913
889738
370584
337479
967867
1228436
1996686
2216721
137499
748849
2329221
1595920
2529666
1528134
10318:
724391
1032:
1726821
86880
137122
2263982
553078
271998
10321:
2160560
10329:
1693323
10337:
819653
10341:
346124
396018
10344:
221894
2610939
10345:
44176
1035:
1275855
2098228
1185265
2346456
186079
1218464
105561
253845
320652
905617
778442
861741
10353:
2303760
10354:
1368205
1090039
246097
186806
10357:
1892833
10358:
938766
1547664
2358874
2442992
1976612
2294916
823079
1209954
632406
1115658
2622079
1512292
1948492
1016856
1407198
2626500
1403375
1597446
945662
2341162
2395482
321047
361837
294445
468922
1691967
1518210
2261606
397731
130375
186556
1476926
1632852
607358
2250359
787000
950567
430716
150357
563661
1431741
891052
493505
452494
974731
976178
976624
2098299
680628
1044566
2258653
375635
465784
1489695
770978
341547
2029539
511151
2021696
457276
764222
2281857
1737539
2635244
2467266
2604206
2027483
2581104
755163
2350820
2327530
1668103
1676358
588532
1036670
827130
763770
1681669
987400
353565
1206519
1361437
2485891
759714
734256
1028083
2563682
593702
231249
2265225
1364005
1234444
806304
354271
520961
997255
869288
10359:
186369
1329264
140351
1907307
1906693
1500036
2604606
976865
823109
277163
113895
2100974
667721
690633
1331080
389439
10362:
379486
1673525
2289721
10363:
688969
1138402
2034552
1800068
904559
1992896
1459099
2529152
10364:
2143927
10366:
797735
10367:
1823476
2080585
1037:
1181550
10371:
1033264
1098828
2153970
10372:
866640
551213
1458694
806041
530141
10374:
2236901
10375:
564722
1906116
2154049
2251965
1013557
371659
666706
1602280
1373865
1373054
1639067
2589483
218330
10378:
128802
1941391
1908066
1992384
1382800
1671000
1151707
1000212
1935314
240882
484785
1403643
867609
216785
39811
10379:
1356930
1296088
402613
2229988
2559895
150245
10388:
1679407
10389:
1344827
1039:
1114992
610672
202269
10390:
684741
10392:
1234007
304693
1797678
2054918
10393:
847294
10395:
48746
10396:
2100975
10397:
890935
1065587
2402705
1066240
104:
777074
564425
47150
1049445
10402:
2282015
1445218
1454496
10406:
2181421
10407:
2286123
10412:
227827
10413:
1160926
10414:
1270377
10418:
1670392
610814
10419:
1655138
1042:
2011130
10420:
1978747
10421:
1785845
2089070
2327510
769562
1002509
10422:
115202
10423:
2586762
1782002
1998605
10424:
1409985
1373784
1231842
1439561
1766438
824303
1796326
450490
891693
10425:
1845247
10426:
368273
635903
110545
296713
10428:
1470890
522710
271407
1647073
328001
10429:
25625
585506
1605790
2639809
296024
2462346
1043:
1302094
2275220
10433:
2399587
239913
76157
10436:
956977
414435
909533
2324135
1044:
2206692
1932426
10446:
1465181
1767796
2438673
1623432
596679
1053407
1604817
2565202
10449:
1585301
344557
1100271
1110411
2568738
890432
2131757
2120884
390574
46429
1402793
764071
2407653
1045:
369617
10451:
1863523
1593802
1195018
114488
1867832
2395215
713561
646320
1824180
10453:
1224344
2591337
10455:
2463441
10456:
675374
10458:
1668710
1046:
830360
2431142
2425140
1954335
755556
266836
2557830
1709219
206367
1434345
1272928
2292929
1880010
809474
1726765
1756332
500353
1364328
980526
209387
30451
568720
1454789
171241
801120
376149
2449915
339818
1177686
511737
2357923
299366
10460:
2405582
1531338
10461:
1689505
2185341
1047:
25907
10471:
386629
10472:
2072941
10474:
1495415
10476:
1797765
10480:
1028927
10482:
235338
10484:
665195
10485:
916047
10491:
1997724
562769
1050:
1024433
1691442
1328058
2312284
2463509
1252038
505423
2493202
2003837
2337931
2615244
74710
214487
2240874
2565112
10504:
368513
10505:
765716
1051:
751022
10510:
1966646
10512:
808026
10517:
214142
1869770
10519:
878477
1052:
1322276
10527:
2587774
10531:
991263
10545:
115409
866000
2133802
1462424
1030572
1055:
734925
2614562
10550:
530957
2530748
1016015
2056063
1280209
1793171
812934
2580370
356256
353168
215279
58498
1488896
1036766
2217182
1254847
2539615
466525
2158908
562922
1729802
159862
2337079
1081606
555149
817189
543369
73321
1666677
169515
1870055
141398
1036141
2465195
2280212
271811
1374404
1026014
1097059
1338144
1281951
172964
2350982
2627484
2324442
279594
1952894
698715
10552:
1860983
10555:
1269699
10556:
676126
10558:
689529
10560:
1164612
2419254
10561:
683427
1146518
643172
1964816
2189549
1860001
508942
2174896
1332946
1374441
2505181
914752
1656133
1734794
516224
1325427
256139
1111943
480984
1091922
1769462
2063477
804334
986439
1475908
1248097
1649330
1110828
2309611
1029864
247454
2627591
2491477
380849
2591251
2643830
1315396
2340324
326866
2138767
355414
10562:
417052
10564:
685513
10566:
786434
1376944
10568:
1997020
10576:
352313
1483251
1940477
1972824
914911
1900891
177853
1058:
597100
1779229
10582:
1949239
786695
1327439
2239046
2178478
846876
1485576
532625
2540904
1582523
1508426
1613086
1203545
2411453
879645
101888
1206119
1150146
10583:
970792
206148
838349
1950942
72259
1724456
1657652
100476
837220
1656856
2240437
655478
2155187
294028
1463342
896661
1275269
630785
695277
1929321
944024
480608
1288441
1557994
17573
330421
1046033
1615057
10584:
47344
10586:
2135939
10589:
1105698
10593:
1295448
10594:
1422937
10598:
949016
1003081
2351160
1272526
1981018
2041396
2012886
1157548
615373
1932460
106:
1505511
2104444
1060:
2619882
1478933
768622
481711
1764513
2548996
1774395
2378824
827098
1614443
1993662
10600:
1022170
499501
10601:
2150873
10604:
2396327
10605:
1900860
1419220
10607:
149629
432143
1599716
2459031
15749
2476331
1955627
2512993
2481963
2028295
2269880
1713422
334474
2428884
1950858
400859
1606128
10608:
1893051
2322442
1061:
534859
10612:
1269330
2425935
10613:
2138437
221440
10614:
1751314
10617:
2347494
1196080
1062:
843912
10620:
1324727
991141
2082132
993376
1747620
10621:
884439
10622:
1641947
1105767
10625:
2613639
1628810
1380845
459745
1151456
2578030
10627:
334701
1063:
1336061
10633:
2090963
1926027
10634:
182268
10635:
2287092
180064
10639:
1509984
556585
10640:
1666581
10643:
328711
1526110
1213598
2271453
228978
1776795
774417
10644:
1010373
560608
1446856
10645:
656989
10646:
1606766
10648:
1847946
1066:
694017
2645932
2129636
940520
1372018
321826
2014424
139358
1462563
2585319
197033
123132
2066577
10661:
717187
847774
883795
10662:
390403
1370522
831192
1043087
10664:
198660
2582585
10666:
2632868
398458
2009682
10667:
656405
1937174
1009594
10669:
2416186
10673:
807586
10677:
1737894
10678:
506018
10679:
2457594
1068:
2629689
10680:
303521
10683:
805261
10690:
1109887
10692:
1452537
10694:
201431
10695:
2063488
1097851
594149
1298204
1099309
10697:
1286485
10702:
437778
763012
1608134
10710:
498180
10711:
627999
1072:
1189121
10724:
838130
10729:
517710
1756519
104414
1343788
1889002
1476174
628969
2431849
2397883
1073:
1661657
953368
441290
304561
373586
132760
467917
551645
1099186
385408
2549549
472700
288113
1593214
2131053
1211200
633094
41433
698661
1660608
1822582
101711
2099752
2486801
2296695
2582447
1734032
2520585
286442
936988
1404375
1192634
1265208
1289449
1200565
411338
2025125
212329
918704
377398
514162
2519268
1795816
430292
1933739
568048
1794229
2623583
86425
500932
2389969
117249
1420481
1868964
770704
2640023
582597
2382468
1687862
2064935
942702
597003
1551407
168701
561124
1193525
605032
2176378
2119656
488203
1020903
2542415
1256246
1977331
1095085
833081
1520224
2489315
1859686
888662
321661
957573
1559260
1820165
1189679
2648999
1587583
1809544
2617904
2148545
2601140
788396
719621
131205
498917
1066503
2626627
576452
305373
937979
2385736
659791
1070635
2413413
1180272
721040
2610416
1147687
2383123
2351216
180295
56793
918659
2172336
1647039
558013
932019
200973
1380130
2389863
847048
1596315
794268
1055138
138910
1119354
543895
1015150
2693
208462
2469481
520489
1062934
1593058
979218
2123871
1930824
2646557
573974
869359
990039
1160754
1441149
1446883
995971
767712
2133803
1359432
486166
1098399
2136491
1411310
1618940
587049
782236
279366
1789362
301321
1574520
2292341
1084031
576155
1481498
1410061
472343
1877366
1586341
1228103
1761830
1367663
984459
1082793
777850
2592910
10730:
704073
1692161
2162184
492217
460839
650425
1482888
1371396
219072
2441040
1489838
387822
1361922
1359413
2458497
1122433
160373
1732147
1359663
561284
678155
1585116
10734:
1384847
10736:
1901491
1902174
10739:
1271736
474247
442740
577878
2471756
1074:
1932946
10741:
2088275
10742:
1918556
10743:
429063
10747:
552009
139725
374775
10748:
1743965
1075:
1854577
135785
10757:
1118053
10759:
785314
934720
1515330
752507
2199092
1082849
527177
1941055
165264
969556
1551012
1504437
1858748
2393633
698059
312479
2015727
1846321
517976
2125388
968441
150721
184035
707803
2131908
1402892
2388341
1244815
1029388
912436
24131
1094926
1033058
2564240
743431
980701
1292851
1185447
1206537
1336791
1142292
2601506
2317490
1216424
1262105
133137
1483485
2343750
516629
1172275
2468367
669432
2531606
1977911
1497713
842634
671400
1837446
1076:
127271
1551513
10761:
347583
10763:
1732579
10764:
1414674
739977
10767:
980549
1077:
322480
10773:
414623
843989
1477604
1300301
1655211
2183823
68942
987050
2403348
2419541
232570
1706942
516691
430475
1248557
2619254
2531050
1516054
1738852
10774:
1689084
2582290
725537
618070
1055141
1307263
1421058
1919612
767989
1441460
1538752
1593827
2634720
193939
10778:
2505679
1435755
2198091
1164130
695985
895841
740904
345480
1078:
1677818
10785:
1332244
1638608
2580003
1984550
1410635
900813
1495617
238182
2379201
2031728
10786:
148789
1296980
10794:
585714
108:
24946
2271735
1099885
193303
2431494
1686192
563705
997265
1520259
1196541
950101
1189249
1080:
2617902
10808:
1644088
2582551
1627179
205348
487494
10809:
2156558
10813:
1997405
1961144
10814:
2429205
844532
1595341
1838864
10816:
1541981
10818:
1227632
10819:
933553
986006
10820:
564931
1005330
1766993
1801584
2640176
838969
1630426
867591
1720672
938556
336082
10821:
872997
10822:
2181739
10828:
637733
2313335
1976306
2081387
1044571
901999
644323
640445
2416525
1020688
2003612
808019
1915014
790782
10830:
2351006
1471077
1965846
1081198
10832:
960865
1343617
211368
1981020
227373
1788077
335399
194650
10835:
1492381
811093
1725705
976730
2153116
552293
10836:
612846
10837:
1693700
1084:
677407
10841:
1699794
10845:
839036
10846:
246361
10847:
369120
1750806
1085:
171601
873750
10851:
617493
10852:
1007004
2495788
2585815
322723
1620620
10853:
1229353
10854:
1095420
735007
1086:
1099576
10860:
1945657
2227030
10861:
1571935
10863:
2236365
10871:
684754
10873:
1445221
759009
10877:
2568029
