1340:
53342
732952
13400:
1559061
1928519
1931013
536051
2181152
2116150
786383
668372
1478507
186506
241323
1434741
1510953
1100863
366936
495491
1242406
746086
2331187
774189
1882828
141880
2265370
415520
2181570
1678855
2508842
311459
1191442
17298
2313793
1510794
971472
1837107
543665
2565053
699522
2455354
359017
958785
1259287
2175811
1726499
13401:
414217
13402:
2065357
2440364
574582
2431540
2249199
1816366
1215294
2521112
1721405
840382
2485428
1575831
2420591
2620148
796035
1673330
2603819
1469987
248499
2441036
1070811
334232
132372
817972
2618156
1931476
1338417
1553111
1537725
866822
1613054
1209401
567660
343657
717195
2279351
300590
1776032
377627
1150820
2303607
271668
1087584
1115801
404615
1320447
2465174
1972287
642707
308513
1867377
496360
1040960
2499420
1168879
578501
687099
766863
1274555
166031
947142
216588
2031819
914118
827474
1283829
1047866
313641
340740
606621
299581
622683
1303081
1932267
2017477
2511795
2185243
496300
801349
1914875
224688
503547
1966126
1621128
2099683
2020670
2014698
1931357
1711971
1015705
2634246
124974
954841
1573862
1283130
272147
592903
66958
2030764
1631233
2133702
440
2014770
499394
1621877
2056719
1657704
1072811
741686
1639009
2383154
12934
1400632
2478365
2019927
1093522
1379092
1131101
2344419
2016618
139460
1746985
594458
1419875
970069
560033
445190
1472908
882102
809978
637675
1578949
2170766
1733926
829213
939933
191379
838749
581720
256798
1517617
222290
1448453
153311
2066988
2143554
1861532
42852
438936
997488
2554712
65795
1034940
2098937
353322
968962
2355089
830349
1380093
248389
1580547
1361680
1757999
554515
1359665
95456
1284920
2285285
1937597
2464079
2379844
1677707
1457573
1769901
1342011
1687998
1994064
125537
554030
2573720
596694
1653464
444371
2640165
254434
795414
2352860
1632368
337690
1674419
845764
1251483
2461869
1368961
1099170
302527
573847
413516
2536460
803517
1263526
2589663
20810
1183104
2008952
1261689
1909590
961243
556487
2420391
990807
1786096
1877688
2236335
2343976
110761
1707916
1682731
409159
1834667
2288028
1645734
1708808
1312427
113256
2398368
1645364
1412925
693477
1318075
391245
52996
2253838
880499
633794
765754
651559
915659
1499723
2543907
2520526
2616406
530138
2459736
492978
2595364
502501
1442066
943227
2056786
1338597
1341944
1613815
2383529
1157243
383439
1637770
2455374
2609740
472782
2580752
2080935
1245261
2228974
539318
2382664
2644811
2482419
146973
1508036
2508265
641986
1375117
654594
1718469
929743
1092788
992668
913008
1125142
663747
1816456
621784
1796555
1066556
1156147
2215280
1154076
2027540
368782
963878
587960
2327426
698487
1376050
1834026
2437570
2613210
401449
530191
1867283
1045414
650713
1654660
1391955
1578263
2255735
359948
5099
943967
271921
2538317
179050
2052119
1048304
1555587
795668
1684827
278588
2373254
958097
2624467
805265
1815954
127294
811140
2224987
2094131
1340311
747091
611408
144914
962183
1246010
412454
353948
1464489
300765
1702594
706999
227494
1676589
830165
1637823
2094684
974227
996942
168082
2334850
262126
745383
1024268
928512
2094323
975647
36943
2384095
1688570
213798
1837845
1372434
2488372
1123839
723084
1154237
55753
1982360
172943
489149
835121
1899273
656621
2210305
191333
1734406
340191
2579281
1226088
1630381
119942
1330305
1070350
88431
356432
1886251
1371315
1191275
1866566
1270906
913776
1882416
340023
2527988
649745
2614551
273366
1966574
1573442
452844
530806
1531859
1128125
870275
226428
2624173
343818
1292780
863383
1384658
1794032
1532353
1679277
524972
1037856
862796
2157071
1906145
1880534
1922077
2065921
191300
46440
2539026
1525681
119891
1416863
2381286
1405878
1110299
1791174
1271452
1641675
678333
2596369
96498
2063145
1134068
1310403
252524
1546954
402304
1481000
2166913
2091111
1113979
1934865
881279
2372063
164979
1803612
1656584
2573448
989070
1014801
603906
1151430
1789876
386816
2421859
1511274
409069
1525412
592009
2423542
2503054
25009
1735217
715270
1439249
997495
2353957
1023069
1471213
846392
1768352
1775343
1920397
1308634
811903
123526
320378
111381
435791
2465878
1387229
180386
1839552
662684
812549
1962981
1508922
1623383
1736501
2622125
2571256
2270384
680795
481292
803179
2243021
913696
935922
2519080
1507789
2361759
1962761
1255780
1380539
922967
1248986
2304243
103881
2522188
458175
1300245
222744
907030
2135941
685814
183182
1908018
910687
722165
2215224
469336
207938
1935024
311745
1345808
1693347
1552414
1217757
787279
1516718
602596
2327929
2438314
1565260
1640837
2549429
2003904
2596231
529018
438888
304778
457210
475500
1364970
2410330
1285080
411754
966965
2240640
1533903
674480
87237
2100490
941549
1582790
13403:
56748
2528715
1265655
322944
251261
2393946
2587348
524032
277088
1252638
875399
13404:
1846627
653964
341434
2011615
932005
13405:
59100
2239348
1277216
99462
1339040
1558253
553082
123716
1536313
1542407
13406:
699347
13407:
767976
1632879
13408:
1705338
437567
1908956
65135
1506312
855009
1464975
13409:
206735
728706
448635
2012250
458252
1778320
1501707
717046
1410521
139399
2547082
1710048
1445215
818120
99565
2245471
593742
2511482
2093282
2043095
1529593
1326975
2627573
1677390
1947739
19915
2067845
2570082
671346
1435990
1400960
1496902
686154
2161911
1113813
1868369
1156150
1885991
605319
1403555
326049
2005976
499958
2489767
1656562
2581155
1431346
695070
2534931
274818
401782
1910529
163703
150886
1341:
138613
1900307
843260
751924
13410:
595896
13411:
1433360
1977630
13412:
1507374
1871287
1393024
1065590
692485
1353849
2160938
1817351
1707726
1565020
800590
1033209
1585893
1677003
2445629
2022724
2144269
856932
1812871
2601196
1359788
978311
1569086
417922
1798452
1709367
1013970
421034
1148395
1445117
282855
1858685
378045
689794
719418
1875020
1021908
1456031
1452006
2093016
1274317
1896595
819311
416245
2552416
2208646
2040092
727690
363462
554557
1950649
2070368
574470
2083484
2160939
2434793
2552097
1296390
1361836
1595356
2344006
2617989
120746
1408546
609142
413523
1430391
772585
2336082
2330312
766438
1141327
2450930
1535916
803868
1480219
1446949
1316109
438009
567723
903769
2455508
1708036
694116
853225
1966611
2466859
1428937
800086
541416
1200286
2019561
552995
367158
1921400
1250335
1529728
2393206
360053
1000670
257847
2257550
1883513
1758485
2104753
718008
91133
1289706
1355692
1200749
1885034
601462
453631
192899
2145701
758099
2339545
1931725
1160558
1873049
2485466
1586576
1296397
490182
2301318
1192776
342360
736767
1235984
360862
1478318
2302501
1337166
384812
1037965
587551
1256041
1907815
804633
1872949
1875055
1631169
252597
464045
85985
1332405
1756625
1796741
1801755
696111
2328782
1538852
642186
1898877
1726229
1943651
1496903
1501715
133870
2100216
779919
533130
1855093
1794258
361438
2498197
310334
1698999
1954874
1034380
1268000
1641428
739601
160731
191705
1305668
703162
569408
1589722
1495469
1383761
1621154
1488370
279159
530473
1632375
2159776
2140299
523602
649839
682572
435775
901294
1125206
1015971
1221165
568346
683408
978766
667722
2015134
2392417
1629209
1177573
1764201
902124
1442373
1419562
130404
1264057
2336260
2133953
1400408
553907
1326271
537118
2370394
741463
1232019
1442289
2191514
788927
1851057
2367308
1616447
770175
224773
2543667
2614613
623385
1677771
862636
1208901
2461559
275106
519392
1969801
1643203
1634216
1460750
2368764
2573534
627028
65972
54659
519944
2311175
2648492
837888
891357
1884306
545692
2153578
855874
2185036
1118096
2187252
2175187
544980
504735
2136705
2179522
1789337
362547
1317839
750275
1596545
13413:
2579104
387963
1244714
93127
1089723
264612
272187
2435606
1373719
2220509
2254073
2065680
1284317
1393509
1458981
1501269
712100
1535076
1486593
2539391
1514857
412666
56271
1856927
975101
910034
1597729
1339768
689471
87487
1463613
1754146
2086593
320819
720214
285820
1138976
1809340
2052785
255615
1410427
1489714
321243
2603551
1888143
117131
775860
1820669
554448
1027831
732784
135761
1121681
117702
1137815
2065027
104749
2329652
1759045
115221
1067678
2461779
1574470
578042
400330
862787
1030551
1630945
347965
1756258
77121
828754
2114027
1517773
924664
2009012
1448620
832117
1726223
1723889
2480330
1920927
67964
2115710
700287
887638
75436
2511450
13414:
2096567
13415:
1501766
1040017
13416:
1195585
25531
1745961
1747766
562161
2202801
2268604
2464197
768582
13417:
1296443
289096
2424564
2413681
1201710
1974223
976918
72299
1017068
1810927
12462
991186
13418:
119716
800717
2613757
1347444
1837599
936344
615118
122175
1256349
2291972
473586
1381341
530619
2541731
1881298
1064542
2451973
205511
1405743
1883251
2635100
2211187
1117091
13381
940298
1660196
1715970
508924
1842072
1612505
1597352
2471971
969041
1226991
2401612
1528129
122197
700363
1967313
2455769
233892
1550732
1637138
604083
1635416
2616474
1461993
338427
796705
1422350
1070519
379557
249874
1000624
838924
1777163
2097610
465878
2008942
905409
137237
829296
2493770
2072739
309064
1385580
360411
672458
1982157
996577
2472759
219645
504933
981798
1182345
1715374
688863
1909638
2340324
370309
2585319
185772
935453
1743209
361405
918106
1320038
460131
330314
2097888
1078406
2368127
1356838
439974
