1:
30878
2647871
1283744
2488120
317050
1904905
1989766
14756
1027056
1149588
1394012
1406595
2529547
1682104
2625019
2603381
1774623
470861
712610
1772839
1059319
2380848
548064
10:
1952305
1531863
1000:
2326571
977808
1010534
1861759
79755
98259
1960212
97460
2623506
2409123
1959111
809597
2251189
537705
929584
506737
708895
1900790
2553920
1196779
2411446
1002296
1580442
100291
433455
2368043
906984
10000:
200206
523108
10001:
262828
2609496
1474804
831991
267142
2305771
220050
1959883
27822
2570808
90355
2417258
264764
143866
766895
714089
2350428
10002:
1450941
1213181
308502
2581993
10003:
1515111
10004:
1737087
1270334
1262711
1903515
2140798
2479158
2161335
2099522
1291600
2198877
2214717
1936582
84804
1257912
1263375
735147
1186407
350806
1141242
638738
590598
1704823
2238464
273497
2499539
2543444
119309
2540335
129495
956464
1648424
10005:
254775
1892654
469365
793736
926698
10006:
1093333
1982605
1534853
1632583
10007:
1204847
2160216
248206
835054
1064667
2419805
2084848
671106
2087887
1340891
1917538
2018945
2520477
10008:
1813636
2048630
930946
1492860
1687570
1122917
1885441
10009:
1927533
1789102
2263612
964421
701514
2120902
1001:
1050889
67976
1025642
624334
239718
549109
143504
584301
437680
2434971
400819
1841130
1926199
805709
545109
662875
74408
529725
1786012
2382523
1358422
780049
1894639
1014799
2176030
286045
1381947
386254
224172
404085
2005305
1956315
2580275
2110738
1525405
2187027
1995906
2133433
2097983
884805
2083077
1642134
2550380
2559056
1080407
1455000
498315
2464251
1149181
2117376
1368543
1216717
1727516
1771413
2326782
2423679
1198786
1042938
2640911
328713
2591056
256030
1363889
2615076
52736
1359594
1385396
2414993
1274754
715115
795536
1991455
1107351
1451770
1433190
1769644
875020
2456714
906813
837457
672807
1863197
2585014
666419
1849372
1308814
2344636
755775
768710
2334860
468090
1996056
1603215
274970
1060880
721144
1381762
1589154
2033841
1372601
2339869
41031
655047
916708
1924771
1686092
1552908
329102
1181907
1762077
1583835
773994
25452
321005
1369500
2429351
396491
1745676
2204817
2624938
491487
1298591
77828
1047191
2642897
2494183
1337506
1802655
126058
940778
1988427
1720476
1947287
31062
15301:
1740114
2173155
1187113
474270
2239123
1921487
433879
986687
1540750
146869
2622271
2079426
2183247
479944
925059
2617641
1876051
15302:
24244
2301514
1421649
15303:
2360685
882735
182137
2316945
1415187
1259843
763897
1879749
1421625
141506
1175987
2135859
2570440
950424
1710966
789105
570448
1246348
1635884
1294823
2157505
918455
453933
2312528
2563971
1366700
685353
1020743
1470694
1335368
831425
2343804
2543305
15304:
585438
367344
2406255
2562280
177671
578813
1548970
182854
902931
847073
768185
1602910
810736
2245325
610412
70935
388528
1301887
1973376
15305:
562227
695501
1026929
2622691
1422833
1517384
1386294
885843
1167701
158834
834142
1014803
970269
240874
880312
2645469
1984620
637055
708690
1609791
491513
643335
2200326
1692690
763702
614636
212440
1930813
2340884
2189731
1651459
1202473
1000387
1983546
247536
2377425
2098408
2065699
1578019
274270
1901445
799122
367566
482578
1252852
940737
1438091
323360
596120
1962939
1819851
1535232
1417359
961126
1210262
2374604
692558
1660202
2620087
1451007
2313031
1397349
1110911
1103929
1946485
1888027
2297190
720321
15306:
515712
1711859
845626
147653
1750374
2471392
198341
2009837
178001
2471799
605121
1606186
1243372
2428905
325617
1859908
2565782
1273102
589097
1458293
1860815
1627:
1050889
1840138
1784154
482329
1436870
533405
1775642
1873490
2491469
1260362
999378
319258
368711
628171
2414176
1796422
2608599
869268
2440184
2503570
911871
364676
784447
59463
1236308
140949
10032
2166846
1740531
196511
1780520
612276
514892
2031588
602165
604744
1813768
1745173
1082544
1201884
675659
2148737
2181487
1922815
465497
272912
86609
1423020
650033
1964100
2021209
66540
470181
181666
478733
1773883
841012
2126398
2020963
1017240
1347480
2436832
1065941
1546401
2026317
1713977
1186231
1628875
1949639
1673131
701781
2097516
1064834
1187854
1032501
776955
428688
648921
16270:
506290
290900
744041
124755
2389648
2180350
1078715
278056
1435511
1494051
1597394
2161804
16271:
1212320
450697
1325146
16272:
1330445
2366937
1998117
445417
398399
1173858
2380826
1632243
1296140
1319527
2491032
1290606
415897
652296
560944
219734
1882279
2343140
1055076
1595493
1503729
2320755
169088
1325903
868978
2098387
466027
1006295
551587
1604505
1486806
1683523
1040806
1145797
945648
1714210
793968
2211501
1474493
1583894
2599349
1808660
2179927
1798652
1934056
25080
1207060
1058498
1035307
174408
103507
2244717
1457222
100294
1715570
139923
2609692
359209
533580
1099181
1383345
2196643
2602006
2276136
1059329
584144
1796563
1798906
2632835
193289
1314318
132243
1957003
1034271
2279115
1682409
841089
292470
466719
2151141
1309029
1642905
306354
2083954
692144
2351274
1679208
1308641
1244084
1043024
1588247
531437
1932565
1482266
1606390
1084573
785912
644848
411479
1703885
2397285
112562
1216140
1166740
17713
678692
666101
2247287
1609364
2301477
1949777
2261530
1263116
661592
1381179
471547
1746925
459908
271112
461147
1916028
23180
2452922
2017138
340062
1200097
2455227
2197519
1268407
707032
991432
2119032
2071210
588867
1295694
111382
2169171
725820
313420
2524733
708987
1998197
734532
178803
1910615
329272
389010
75626
1209776
1093487
2383354
2457411
464747
1646846
2481054
1926935
1815661
1089910
1059076
2064012
1385080
1121633
2241027
636479
1760337
1938382
1334622
656621
191333
2575434
556187
1464891
2305328
1204427
275995
2339213
1920102
334016
1909801
895051
2382852
1514562
918954
2312518
1573476
972475
415366
22887
2381782
2254727
309090
1227209
965431
2586891
2457840
224542
314443
1574519
2276406
341977
537147
1043570
2480629
1049338
2321958
1788143
30545
216177
626423
2365458
541084
1463059
453586
2316281
399729
2255393
484380
1432959
577751
971588
270129
822837
2249653
191485
2363788
1974698
2382403
1946488
1872691
1931391
2386083
206738
1197947
393155
845968
2622037
900293
1327721
1766843
9849:
1485267
350915
1873111
2371802
2052142
1871669
229373
2001602
67911
1665198
924613
1982690
491448
1132279
185505
1486706
1622921
2551985
985:
2202464
1682760
1270280
1897966
1362861
1273146
2114875
726408
1608985
2011243
754712
1624890
1082689
956693
1632716
433185
662300
904965
906093
1001683
1120750
1711132
1416074
101119
337332
1954460
1093403
735061
1400183
1532315
606305
301290
84234
61234
2167923
711376
487480
2452773
634746
1835708
2625919
2532330
2290953
2587887
692327
1655994
570565
1436382
1905247
2182214
1161084
2592369
1436870
362695
2030355
1654526
1981203
2004525
1923388
2331137
1882951
629492
418996
1409485
2523529
154884
1382909
2581628
1495063
1513886
702381
2158740
2534148
240940
2431304
800478
1302227
1451947
757381
1061689
167570
603517
2480100
327447
2432913
1193722
2622141
1874317
2311761
302982
533084
2412964
2565761
812857
2025726
670631
2002741
1795748
2387106
1752527
1938951
1414589
1676968
1482414
1997517
1330247
364921
1655668
95412
776417
624841
550587
1478299
1035593
83336
2624080
511863
107796
120327
479469
635331
1041330
1094892
415897
70145
415619
437449
2050759
541501
1763208
595702
510404
2186554
2046072
69353
1346936
111025
1174820
692045
2534717
1863293
2119390
1601855
2416563
402650
1331516
1247980
351890
2425444
545781
1651376
943269
1558321
620487
984253
981770
1459488
1254968
899810
293299
1671269
1415526
773936
532681
1313805
2187439
520621
2096578
1406754
586314
94246
1819429
2544336
1616016
1208076
2027309
808968
2563665
1999311
1048551
2265372
2449881
617117
2476255
462693
1816059
2357903
1066626
755556
2278117
1234704
516616
1883365
547760
2303736
2181820
2018269
2217023
1302703
2271204
348336
1004402
1950048
2022606
1400630
434504
10981
1833662
888266
947025
225097
2622403
538095
2318428
1529346
395590
1605698
817998
1495409
644389
711250
2190763
2172193
1303941
2162441
1431761
328095
2289963
823976
2170943
303485
2114083
1129564
78382
1826266
1809939
455527
1391090
965459
1905092
644503
501342
2332344
606284
305158
1403514
962674
2582764
1498859
2353478
1832847
270707
1988716
433801
1168879
718603
2370349
2375683
201568
2249405
1803381
398551