1018:
1236938
2500683
1242704
2210653
1601193
2163565
1319155
116321
10181:
451059
1169968
1415
370040
895154
149359
10182:
2145432
954273
1502605
960007
428153
1990616
458224
777795
1491773
265948
2611730
1971554
68458
1670643
2460989
571761
10183:
642612
10184:
2546393
1553052
2402785
2318192
924457
10185:
2073815
2509352
249288
535396
2578904
179127
2364536
2288309
1291816
1793628
1231531
1424306
1038625
2377425
1536728
1783217
2110683
1265477
1432239
1409711
10186:
2424059
1707390
2597253
2649238
975837
246034
1780012
1895644
686457
1418739
1107110
662512
101782
1027090
299875
1069747
1354880
2471978
1588371
1538414
1448849
1328902
1243881
144894
2134062
10188:
1481561
584880
1437407
10189:
132633
23673
606684
1241173
1042749
888949
2620618
44313
1050139
423244
1564651
469461
657058
1756805
1320147
1021616
2566498
1895827
873990
1965304
72538
1153711
284322
2196856
1742299
2325811
1446369
892751
2462603
2388118
2557766
1418598
2176972
1554481
2497393
1130215
399313
1901576
2101921
2073604
762396
950631
406071
712541
1946245
1357559
190377
1369296
935087
1321174
1108412
1428761
390412
974750
1893117
2478760
2410627
1727117
1470487
1396670
184373
1268963
2257532
1998608
2605078
657924
1270913
1569902
2033565
1590355
2376412
2154986
2129134
1193763
450752
2240589
1017763
1599232
671400
346253
1019:
1660191
1146919
10190:
187961
887939
2166599
212729
2447529
1666084
2415278
2013198
2197246
2605754
2434195
122709
447121
1484018
1979650
674590
1820855
910034
1847158
804869
1261827
920872
1681193
182041
1143382
1344484
1689755
1507201
787284
130617
272314
1919593
910313
162183
2252900
1647628
876046
1742617
1528604
2647124
584678
2499342
2546451
1074403
682767
2230226
2147089
1507647
2126215
1695519
1718222
1722054
2605729
2202422
1639910
2379885
919637
10191:
1732812
2212041
1294024
848872
758538
1957053
553216
158266
1649046
71435
84555
247005
1821485
2483096
2483898
1834123
1706337
10193:
859329
1980139
1803100
337531
2417585
704148
1799044
622340
1839967
2374241
2021460
1014357
1650652
10194:
724762
10195:
2303760
2028339
1715220
2088132
1072939
734161
1511404
126020
2400560
1011325
1916020
10196:
2058950
137517
721554
290446
10198:
788786
532207
1335108
794482
982006
10199:
703846
901273
1350124
102:
1554291
296608
2196394
1186104
1136807
1107050
1363796
1356507
2192681
2312973
34926
2274264
1765966
693542
157171
2357193
1020:
1328941
2093040
354803
1425512
2398831
1977601
950464
1960133
1694771
361552
2049712
1274452
1820343
780696
1139922
1905111
1597207
482889
379253
241374
2343569
1531228
1290883
656161
1733258
1658379
2488286
631326
1456572
226535
1338535
1550998
333788
937764
2435606
2398003
1613839
78469
1701013
1967739
770081
1803931
61791
454145
1545189
467036
603766
2434398
2408757
1653521
986982
2233232
1676997
445709
1775241
1967200
2008304
1861496
1387086
2309074
2418309
1737606
1478210
1296390
1569015
2078934
1567173
2591081
1637013
412514
716788
277205
468417
2227381
483274
73858
161779
567986
1435345
83060
2549948
1352900
675171
1969595
2527698
757449
819419
278135
2083863
649902
1932534
1971128
1196137
1108503
89798
649215
66150
2258594
227591
2571787
781608
468218
539492
2096219
344842
2157472
1211916
1847504
1660295
2618730
2633274
399863
2608997
917734
723455
1785710
752146
2482399
2583072
407668
85066
1494346
2505164
663395
1849553
225621
911067
608854
2467365
659693
818484
1182606
1050188
1058584
2535504
1825757
1640646
295786
1073898
1637863
1179512
310741
40043
278437
140341
971698
55922
1383844
632993
1589310
739709
1832676
787707
781136
731199
123666
338146
2425993
2303614
2553514
1686223
1119904
1135583
804156
1136678
1376995
1430991
748914
2446658
2174575
2003446
155586
2352715
823407
288977
1943947
2158005
2117446
384332
649804
1746614
1340339
1358164
1218917
1934266
2239110
707997
1024099
1564950
260418
761220
2177666
363757
1223091
295536
201657
748224
492597
140765
1582223
893543
1808476
252791
2306098
382243
1241639
2188501
2393388
1188774
1633216
102571
550852
1344153
695042
2333152
1616541
183910
970469
982216
1495376
2428768
1492475
943863
565470
1300331
2124539
3870
73020
1680991
1126718
1041928
1188672
692690
2251876
1737335
821776
1113773
1601014
1790935
584517
1268171
214516
1378880
1897430
1802515
1196453
2192257
1988179
1720486
1290219
125785
449869
494860
1776634
127746
2576703
833510
640323
339144
236384
387837
159325
654373
2405485
496965
1370557
455953
1593251
1100525
1371109
684470
1703130
1477344
340509
1822440
583909
2270804
1855652
2451170
1700954
1574886
15170
1510950
210861
1825299
2011912
765317
2164555
1436054
2002009
2093083
193170
172426
1076151
2057611
1224423
2496969
1613084
2608795
670942
87164
955284
22143
606825
929310
1565822
1541956
1374309
2528236
991068
877265
1994311
1122889
1574973
1013389
274291
650307
2455031
49795
1706669
1684490
1894384
631633
1461036
1162465
1885210
1643708
974488
908250
2443863
1658151
2575394
662650
1235190
1654294
1421160
1593347
2454673
16031
1617106
981579
2412493
2074183
2416499
847590
2528815
239442
2621707
458108
2482438
240106
770019
211007
2299056
10200:
935620
1244153
748854
841112
2008660
2193616
859574
63512
401156
1111946
1866566
1811288
1878489
1759167
608265
332208
1092218
872232
812666
218448
656505
1743715
10201:
1386322
1271664
10202:
1680135
776076
521085
2289529
2218178
2282043
1150267
955606
693531
1714936
2261012
1314593
2254289
901002
901014
849698
2308158
575419
354991
1020688
1307826
2558876
2019792
950374
631021
10203:
1859725
995885
866233
1226291
1716408
445968
2227889
1846306
578214
1025408
64266
611203
629527
10204:
1576064
2626755
803424
54328
637380
501719
1947526
2496715
398616
1835453
1279821
209435
499312
1446813
10205:
1331266
2479597
910803
2298182
10206:
2067044
1505300
775395
551772
1935415
1974478
1241319
437509
1581960
1470872
10207:
2418704
988006
191312
1413799
2640087
1000959
10208:
1724713
2125870
10209:
926350
2614245
118362
2140559
2224258
1482277
899290
925688
126126
2463861
1647758
1021:
1157667
2618351
1435902
1331
1780588
964825
620832
1645064
894553
1676997
1632247
868733
1429332
754567
2303740
302344
1108131
2131301
510712
2289237
990036
2633644
2543516
379005
2170900
1587712
481433
2632868
1305371
1343436
2447225
353669
1183731
366775
2427961
229634
1694254
474566
2528435
972040
1688898
1082864
2278872
571455
581616
607220
2442028
1174108
1610929
927271
509331
373838
1151836
1019775
697818
2487578
148404
1838848
1122480
2031549
1677426
1437925
1184761
920617
1463238
188630
1482840
1909324
309719
10210:
2282309
114388
10211:
147436
1389212
1848157
1319657
2183989
1840156
107761
1741154
2205902
2411529
1247457
1983060
871082
1996599
1479082
558234
1320038
1880198
1074878
1598749
801242
10212:
100033
713385
1591369
1298900
1530687
133692
2455592
617496
2590657
1269956
1311866
445728
2600372
1351285
1110608
1480401
900261
1381341
929666
2414026
1606417
137163
1155629
1993340
123919
1583448
2635851
633471
2180927
548756
2294658
2140597
1984162
1272928
973138
1170130
592894
2153970
2636504
189454
2260480
206808
52032
2030696
1970924
2378149
2046020
792270
2381019
2585173
2173328
2134395
1847747
2057628
1177576
362299
1051569
2460687
1516151
2194166
1788239
1457183
2322307
846349
1409658
678219
1279198
2600394
1799571
1095142
142827
1693021
2076589
736132
1447844
2143685
2080938
1413189
1404704
1410426
88345
1212122
225710
1001844
801933
1415024
569987
1438796
765869
2290591
2072498
1038183
1294109
57086
884433
198837
2278868
441361
499010
1308802
1768579
1418521
153603
2239546
2478921
679834
1461193
626437
1491662
2376106
1174046
1865632
2293348
2078727
2502086
498034
1665795
2241129
2045295
997907
2030409
1632412
346968
10213:
2217289
1967749
1457974
153311
948859
2039928
1034464
715066
77416
2186090
280654
1626864
2409367
2194621
1903434
198476
2452390
624917
847974
499746
381704
1505760
583835
2240167
1234996
11988
1841899
915473
2149536
1086544
2093143
953718
2280310
1097708
1687114
10214:
2370466
512348
121143
1313694
122985
1677012
283963
1294917
2207287
1190317
1315833
621050
2512642
1691088
136419
601683
1773304
314294
1258876
943430
766715
2227944
1592928
694230
10215:
1728673
1252628
10216:
2530995
2200170
1015570
7154
10217:
2222337
195794
366723
709314
883084
519944
19144
2007583
1010955
10218:
410537
406221
357481
1059216
934684
1404837
1569629
1726547
703585
1777165
2012149
10219:
2637836
6835
908644
2648204
1563737
2346811
424590
691762
677042
2470099
2186995
1488942
2599813
1840223
2389854
2415199
2114332
647235
92483
2050772
20472
108834
1960927
1022:
2576354
442572
1278950
2299462
10972
1613882
339362
1601449
2367673
1310195
2219541
7521
98724
581109
201486
873342
2234063
438870
608987
2032593
1116605
577299
1791068
418687
1922721
1507143
2324341
269305
1479082
1842676
100400
593796
2581844
147822
1813765
1390441
1592250
227785
1340805
10220:
567282
1598214
1283763
10221:
2237586
1387470
1154813
1652439
1365516
527428
2567137
196835
2606774
15471
2275038
2422225
758511
155337
501380
1021385
246082
10222:
2253929
1678060
1481710
1931535
255344
1805240
48580
1195461
516648
798047
976856
643172
693808
88073
1574252
2061934
4016
2577514
2596185
1115274
1749746
197562
1559166
366302
1919714
2502616
1279632
402535
2333356
1513559
2604023
372037
1070947
1525049
1984859
2573593
2315894
1233497
1079956
468509
1205848
1975904
456220
1574503
453336
2581032
1924109
589453
1395546
345660
509701
2633813
2377896
39242
1273985
2180528
1142149
2449644
755557
782957
2434016
866350
581307
1582415
55679
589274
1104931
1680845
12488
359319
1242364
1799372
1797678
759149
303095
1487204
129344
1336141
132333
992854
1218250
1832272
2160292
977712
1363196
278905
1618536
1426120
814979
1275735
263022
843085
2414063
2337411
1030299
1504833
2545306
2085415
352532
898576
2534009
2350329
1011106
715950
2052838
2641223
734925
687077
2474804
1518875
2242228
1518492
738008
2632888
2338718
950478
407675
722623
1004537
2572814
1753194
273541
271978
1978809
1896062
1729739
459343
2457015
779139
1465673
458177
1961680
1288346
1045956
825831
1379335
2113888
2446249
579852
2083361
1400325
2115689
1825531
532197
1860298
222179
55143
1097000
1960059
261431
876477
2359002
695359
125687
333406
2617251
8209
1023399
779091
2308913
2266677
755637
1860769
772798
593513
1651396
1799298
1662380
341330
2074865
1444749
373297
2460661
1856407
1196655
466309
796752
67594
898123
786881
1604525
374314
472585
656999
1585760
978407
1117799
73608
57193
589636
428657
1687667
840878
1608941
1910134
2507769
1409998
1269205
1975706
593736
143776
2596078
1454123
54348
50490
2457220
1270358
10223:
2452352
2095697
944051
1681338
1144671
2428576
2279713
402389
1921298
128293
1117357
10224:
1712844
10225:
314837
2335648
1788744
121839
1371630
2004525
1033209
2132276
181618
2518403
927557
339965
1207400
532236
1122351
1334390
1776032
1778344
2002354
293848
1394943
870979
1767133
662412
1787976
197426
2183274
1846627
1549588
2490349
1546099
844644
434303
881698
1954275
2443823
2240183
1591332
476390
2148888
499970
858363
2194494
1297003
24855
1905798
1938903
2244717
1055303
1805636
683625
129455
1090765
1979262
2040383
1446752
2490499
1768375
994569
1330636
1076044
224068
1456635
566850
1982847
1879848
2406474
448024
515463
456484
2228961
79591
2033388
1883897
1156589
1687132
1107282
150953
2600550
3695
383574
890279
2129794
539197
1355374
650883
334862
355529
902442
52912
202503
932232
573434
580815
885439
1221559
1278887
2458227
20607
885631
11007
711182
21900
608829
1833697
1336421
2590373
704591
1434407
1976560
255160
1617240
190251
777301
1041852
501105
2551127
533295
1077530
997673
1516911
948398
1326124
1199432
1870679
368020
756649
1638480
2014414
1780583
2620700
2421694
313934
1435239
2290963
2025236
2179348
2349577
415150
226632
1044922
603354
1392104
2195683
564377
1461892
860079
259769
2540496
338427
1413664
796705
263256
1109235
2163229
352067
2420904
1479125
1655992
370433
978889
720184
436305
341875
74469
162962
2088327
2441871
714884
496408
1918360
2025963
1086350
2442241
1777163
1308416
2147929
1784106
1439031
2068680
2449108
1045596
471801
1679674
306624
2488750
1092753
969202
2364401
1966772
183629
1585347
388847
2026513
583356
1410820
868753
1947229
1851063
901294
601860
2414655
2514552
1180497
2582717
142160
321975
2052052
519460
2300514
1308228
1921964
1905765
1748432
279998
822463
2383679
2395060
190850
87775
238202
2391383
972381
1616345
2080884
2082057
815200
1949868
18708
1955184
2204496
1233946
1485903
500770
2231937
469621
1093753
712238
1769465
2295554
1958794
231841
2070039
623377
2069436
1553406
1193601
2456295
2487758
2368994
1187986
1613207
726937
1602729
1320363
616868
2106658
158963
1409931
1637169
1102155
1285853
522247
1766421
633090
351605
2089141
2018792
91253
696973
302422
1024585
859879
2155580
1158646
10226:
1490641
1468815
1119102
1502634
1149274
1944182
463924
2509762
302275
404901
1738910
186137
2181842
2419866
2076207
2295450
1417935
2638110
2094679
213866
1540031
1438558
941185
1223767
2122
131405
1187672
2247122
413197
517885
1139425
219583
2585674
2055252
304090
2370765
688751
957331
2576044
399133
1123138
1848973
2028996
1238597
2135164
867212
2488901
1688100
935076
2055350
278092
1582492
1329256
2470555
671620
1794176
1246000
1685180
237016
2484144
369135
152888
1472911
1538560
1104391
1765813
2275926
1452173
2190892
2054177
1413852
2517498
2113756
474646
1273064
2432494
2179917
124961
1204084
231232
2571060
572568
1100241
2522937
469791
2056680
2025912
1047341
2098637
551362
612614
684
395096
1099412
2541142
1831802
1051931
1043937
2427285
1566176
1364834
1927232
1380004
1748505
1711885
2540261
1478491
2511304
307800
990659
51696
771032
2133574
2381042
1312674
127079
1945922
2527694
2043204
1232385
911921
1228100
1059372
832256
607194
1131687
680155
1453174
1619946
893536
2225381
1863423
32266
753479
1665816
1073564
1063713
923656
620974
2206948
1768181
570738
112589
1278826
2438156
678349
16768
2213842
102802
2300819
1200298
2463138
2339037
2436284
432915
1184111
225485
1571999
557449
61911
2586056
2505332
1424750
2436238
1897315
242009
1348274
966509
1052669
470656
1860661
79564
631208
1221548
1682161
1649605
2439512
327893
1470172
2006469
1968035
1261970
429447
1250869
1106240
1556027
963252
361957
2028159
97237
808489
1159208
2006775
2647898
1882093
428376
156344
2571692
1883249
2305109
10227:
2412767
1525696
2225477
1052986
1494603
835741
723620
10228:
2096960
10229:
1135868
1778432
288140
926358
487169
1001683
1540303
2197373
753248
2579663
2463629
1805240
1474109
1232416
386705
327600
2125770
2003316
1243155
1654944
1470317
2311109
2350975
2483367
56449
1927350
625940
108739
110384
511008
2549566
814641
2310974
2171991
584024
1452846
412565
1408836
2290918
1348641
2572569
534562
477426
887636
824828
963186
1116562
710744
1072909
1589677
636419
655528
377731
935620
313454
733829
1239661
2001180
1582498
2127306
1144659
1765842
931131
403569
1807324
234175
1458841
1510129
497867
1634994
725297
519258
109691
283864
596258
178819
1134035
1972777
1564837
574196
522697
2282466
1640008
98367
1695485
1852439
1760372
1818615
2408309
1024863
1039158
271204
2543695
369915
1667665
793268
1987007
2405956
1918672
