16920:
542326
2389679
16921:
2260485
16922:
290621
53679
1873900
1171439
991889
2316686
948942
253405
2544197
2032199
1448051
1652169
1954341
2397308
1599314
667282
1501201
102736
1759480
411896
1122044
205424
615382
508075
1153974
144375
89334
2401575
2225671
150171
894336
343738
1421161
987733
1538022
2192164
604396
856932
242351
1851292
683964
624914
743441
597659
2376742
2138235
17082
1819458
1791475
1820256
1160025
1590924
1559166
2278987
2055841
1790539
1784164
1586607
2594387
1632077
457099
981220
530124
2578322
1761713
2526327
247006
504916
2209482
481654
2343092
868814
1936935
2437203
206701
2388609
2357293
1631405
97260
586905
1296841
859585
2223859
1928998
1927208
1165573
297390
273788
529389
2604492
146006
1094048
123977
1307828
740298
1996782
2418222
1874316
566940
637036
1230511
1169296
372596
1308984
2329840
541792
599864
1250811
851521
897695
940931
1482059
2497465
418307
1303960
1734504
1777540
1032035
486492
1344421
2318728
2181000
1981355
1472718
290816
1185632
1509616
80298
1323879
618919
968806
601638
1804066
2349923
352206
2161271
78142
2356674
391353
2246994
729505
1755123
697259
2081748
1601261
1616562
1244805
326637
1192908
2061026
2015236
320554
438074
1405427
1701071
1684580
177089
1259393
1246755
2200234
2197529
845219
242509
814163
1812758
261899
2279844
884917
291956
1429691
1912642
2294387
917529
1145944
1368543
717889
333993
1212511
2264452
296165
2138801
2083567
2043243
1715088
771010
2571598
1166261
711608
2372720
1906127
1931057
456029
421581
2489049
2083666
2343976
178312
1337582
2363217
2104779
1298690
2442528
2260434
934189
663664
1807645
845107
2278938
1937048
1936301
1258818
506684
2554201
2265460
2214807
864495
2494280
96842
2334695
155659
1008754
249871
2510558
786089
1123403
1625204
2281524
1242099
175939
2175363
2393200
2551176
1821870
1730699
628788
1600579
1642646
1170738
1128665
2407886
2347104
583276
2387689
1296222
261936
1853288
763874
418779
476581
369379
1006966
1807505
1563237
2526148
115047
1371540
2588187
724640
387767
1847864
1238379
425734
2258835
1922201
317187
1796555
60981
2632267
1147490
2570072
326431
6514
1545798
2536400
2100838
361189
948611
922248
1075637
888631
2613210
2517700
2037144
1788861
814841
112797
1153369
70175
1678984
1106763
483748
39322
900709
1839860
2484538
37051
611846
1424313
587565
1609791
2338145
1573178
2519126
466018
2521003
1819923
2007864
171397
2479832
2413969
870076
977535
1461461
1038920
66307
2079133
1307247
472819
29876
2243830
1994964
493440
1814695
1378431
1017102
1039615
714186
87456
582061
1016096
56184
1640271
2380626
481921
636106
87452
2548971
748806
939170
743574
2457839
1921517
2032352
1276097
513664
1413048
1017708
2203538
2308023
2391042
353657
1812444
310142
1707845
55470
1468704
2522434
196127
961815
1949476
1276782
1432162
832203
1575063
137352
1384933
205614
1573830
2529615
1936656
1173112
741246
173179
979600
567713
89457
1368730
2360014
2536540
354191
2239864
32126
2005972
1911531
577467
140174
2142443
1227662
2383298
425168
2479541
723425
65069
1716430
412812
1731128
1763917
2355662
1227093
756665
2397932
5498
1253463
968634
974353
1531961
335840
1160754
1979811
1533478
102366
1890433
279748
363081
1966567
1445821
1099359
2084503
1398497
1549392
717196
161877
2082848
371213
436232
534230
2634230
149082
1464831
198134
1958986
1220843
1043459
1576765
1688620
516070
2458481
1586471
392054
806758
2404121
2618944
612672
2418652
935110
482178
613215
1392046
725058
2325850
369436
1276996
405899
1566980
486472
1747869
2596844
1239128
1864777
2019323
2037721
1755049
2396599
2415190
1384996
1268611
2552144
805944
982108
2419064
2280074
1395476
2520431
1078432
752331
836155
786018
1316870
423001
295007
2367670
682058
2412793
1184408
868211
843841
1708085
230729
1223763
2622838
1355141
1493785
1193400
210595
799584
1609354
1646008
1147598
1294780
897953
816951
2243538
1602770
2164747
323086
2094369
742230
1170765
714760
2630209
1211972
1358798
1010117
92826
1606647
16923:
163326
1206588
390711
1473879
712470
574636
1703380
1907059
1706044
1783143
965183
1395964
808563
267033
46140
16924:
1743095
16926:
2550130
222288
186137
1459921
1644773
1570568
2133253
177647
1463818
818752
466095
1589369
1601226
851662
826948
693670
2253748
327821
2005359
1987481
118585
1035912
1835786
229112
668892
705879
1224024
2036536
2220721
1950659
814777
17462
1371339
1165754
1343046
2467598
16927:
273821
1026611
2401552
1973874
2146605
1241893
1270278
1671977
1939648
1396993
236414
670614
849533
1787603
982006
16928:
2559073
16929:
869277
1044624
1078044
1141512
2648178
493646
262600
280489
1179562
1109271
232165
1693:
1671535
2166933
1022492
723354
2225370
1183714
1455234
765055
1452995
1546879
2297069
14936
16029
378636
2381611
524514
1278583
1971432
2128971
1786460
1017143
440345
2245112
568177
1137886
1688256
190949
378364
358463
1261744
2397061
696170
2391817
570504
995032
1627982
790698
384480
1921739
1933718
68685
1070800
1840194
565120
1248087
1280254
1852112
1624040
1619652
1918008
762536
2497238
2516055
1962245
2482172
1511243
1526809
1209223
2150627
441887
245430
1686869
1586801
2227944
1035006
2541077
611478
1849516
1573099
1650252
953653
1773343
1210088
1366312
155819
2481595
1229874
1816485
1115199
16930:
160977
1668547
12114
1395119
704742
1156893
2489437
1000264
1083181
1016514
1738869
2578397
1734758
1459833
2510709
2321212
2254974
1781440
1407269
1487144
2594220
207942
539406
740461
1275836
1988662
626940
70236
1317841
2216171
1373124
568603
2547639
543332
2575705
254811
2449004
1438037
2111600
1465286
1599205
1511576
1080875
2063492
446648
1793653
2166040
1924795
136296
2035418
16931:
1956208
709458
1811857
1832496
2074772
1205561
484471
2020457
626893
883884
1617707
614096
2281829
1325728
914979
2587105
2269420
1935456
2633725
1781168
2403935
770976
586089
757437
1709571
701774
1802235
2647159
20460
1691862
1959075
1237337
2627741
1792599
981760
1707433
216095
1383762
2046923
279233
1421546
614755
2088547
1066957
1893756
1925513
852983
1300348
1982380
634361
891215
1481489
2192500
629799
1440157
281115
2016488
170116
412098
1505075
408840
2567062
656217
518441
153387
643946
486582
1487445
2383422
566931
1731319
2046346
2485138
276869
1831297
2046243
417280
1263793
1822137
5498
1002504
2288952
1733963
700998
1018488
527893
376704
1737198
294637
578061
2370986
824415
433865
1589208
436160
821799
471673
16932:
929308
379296
586318
1669219
80914
686241
585045
773607
1156960
1811676
108740
16933:
1395119
844335
2004136
136448
491201
16934:
1344061
1460373
507130
1361843
2192119
1985404
1746526
1129368
26407
156538
1011906
16935:
1236423
1071305
1570744
982951
16936:
1812571
108588
1282724
1058639
1586699
967864
125765
609742
1695600
46716
1058319
886726
764651
2459434
2612295
1156415
1355542
16937:
2463059
2358469
360420
2114280
2109584
55207
1792849
967626
2221970
1910845
2536321
582605
2218471
1824040
691332
1039445
695985
1479668
1735986
1034068
940024
803620
2045952
2420904
1759756
1441238
57534
2421116
2010963
907327
2236716
237664
1497515
2444210
1474683
2420928
840276
1551145
2032170
1488983
1055540
1245247
2170772
1645794
1888230
2026201
389506
16938:
1300433
154005
2500745
96359
358614
112371
570738
1615507
2153306
31652
16939:
1759189
1981282
765902
1376566
370250
783994
187410
2295229
733230
2518275
2513166
2131783
2295818
637272
728661
2297025
2158266
38129
343549
1809149
2633019
1812699
2105765
685314
1853564
1694:
2050573
251490
1523579
1127488
1256700
12920
1425483
1785621
2335390
2497067
2296975
2149439
1088479
796726
270338
2476923
199780
1786925
1657974
972355
199010
1895258
1916909
200166
1149052
2438424
72627
1660491
1728426
1561652
2474276
2381553
1163400
178130
1767818
2626578
2162481
563977
2386901
1524478
1528435
588877
237644
484025
2391148
2629051
217894
1011719
1981155
1897313
100235
571600
2355035
2186446
2162097
2064197
2631840
1219623
1919296
1735589
1414131
2228568
89748
556157
1989313
2116047
1413048
2069268
2340357
1917565
157251
1146517
1048203
315277
1693211
2207953
351085
137146
1066055
1980206
400557
4522
546899
2349263
493990
1871400
431856
1646452
2200952
2481564
1849821
1801722
44419
1178195
175058
1496806
2048691
1966374
225476
224658
2170030
1556533
2295874