9856:
1370157
50811
1921655
2514553
2192080
18976
1694770
152178
1730999
1259145
590059
28577
2155977
1356908
1866753
9857:
1754211
832987
2545618
1881433
9858:
193498
579044
2517586
1495106
1193505
1393657
2243477
1087479
1770376
1633062
610132
2000579
900831
1711350
918385
9859:
54596
745802
1247553
506854
1774965
650923
2184485
1200886
1181788
1377984
458397
904791
251252
2359262
1430383
986:
1350663
364549
1934758
508185
1382909
2325031
1939032
1374067
1010363
2331250
988235
770035
529544
1331684
2152932
9860:
310856
604631
1967707
1334024
2211512
233494
9861:
107270
1111245
814831
1235417
14331
324425
1552328
472391
2485060
1313200
1099040
386480
9862:
2635059
542153
2027791
416469
2155798
1798346
1002841
2286970
2255034
1700935
710714
1983528
2286830
2556361
1585843
9863:
2002163
108392
585297
1128460
1717380
280336
45283
2117142
1227534
1870497
2423091
583607
170499
2159577
1795858
9864:
1237328
231140
1567095
1672960
1376696
1606064
9008
2073815
2280034
1567435
1007809
2227046
1466645
1688443
1961154
9865:
1819055
1184178
2502842
1530876
541698
532302
228996
1566369
2380187
1385435
9866:
522813
1504700
1569462
2420826
585910
1332226
1961026
936828
189404
259937
246649
9867:
1673235
2479692
937614
750337
17407
1320504
519574
1629594
9868:
865790
1837668
231100
1829400
1450905
2446373
1531691
2207308
2637780
432061
260580
2564560
123609
113466
284628
9869:
1206290
60711
2366547
2463338
987:
1374441
838309
283024
539310
9870:
2300808
1626521
827322
213690
2495673
888912
1069884
1752277
1636471
1904832
1908487
477115
1922072
1973887
1964920
9873:
1382599
1813660
186129
676381
1681922
795711
1165171
448003
2303574
1682100
2088976
2585079
699764
1500478
885209
9874:
1616351
609629
350067
9875:
2477028
2628784
1974221
1008786
1003288
2337072
293880
1067883
274702
1069612
2527935
41569
1681186
2445792
2350005
9876:
1679052
1194381
47232
9877:
737546
380782
2295688
985561
9878:
1912899
2648613
1080184
683427
2091445
1892457
532129
1065325
504055
1443528
1815678
1805600
1655547
1786539
555986
9879:
2099124
867588
165160
78848
988:
2047706
2114406
2191147
2470582
2400845
2386970
2017765
2624
1384924
1417799
2515313
1192740
1892050
192102
1847626
9880:
418653
2380638
2175611
446674
491201
9881:
1783871
1949169
844596
9882:
1505799
1513370
963253
2050415
2542255
1281178
1094756
1604824
2304864
939612
1023086
794275
2069403
2299907
596112
9883:
2379717
9884:
938057
2625109
1321009
9885:
2245709
228236
9886:
1053937
554875
1320899
1350363
923490
2375487
957009
1168256
2093981
2392190
2337296
1242847
1035795
2311816
2445181
9888:
609690
2164153
1227082
487915
2533853
1604265
2258903
1126962
544076
1109293
1183359
301952
953148
2491560
1730734
9889:
164845
1401744
989:
938797
2301797
326981
1902787
1788035
779764
2420968
1230594
976695
1623805
385305
1167484
718825
1546535
741640
9890:
767678
1262236
666180
1469384
717983
1916924
142572
729187
581145
9892:
1537160
407014
2238939
131766
9893:
378918
1547725
112635
715751
1594098
245889
1001431
2402718
9894:
1702496
9896:
840785
709554
2101741
1576659
561710
2102706
270072
9897:
2251385
1752611
9898:
1606486
1274640
1104801
2158267
9899:
2201269
1450860
1433116
1893036
2573023
2353580
1179656
990:
1629710
1882730
1990316
1022422
160240
1162965
263520
1843522
1413296
2211740
1706362
2368113
367866
1571239
359103
9900:
2332660
1284774
204096
299994
748856
1382036
988926
435084
2447220
2393709
442783
290549
1115808
1442131
1421783
9901:
767144
67776
2488357
1553659
1765734
2023451
2253129
17047
688090
2366300
2264638
291135
1360090
742388
9902:
1334360
1927208
1835134
1048906
359568
904143
2196229
2352008
1281152
398178
865508
315393
201462
2489767
85842
9903:
2246085
2271458
1220511
9905:
27264
1115188
195683
23824
2016869
169786
1168663
1046597
660060
2369150
719168
78831
1419404
246230
10943
9906:
832256
9907:
1225475
1736440
873090
9908:
2059896
1098265
2037723
2082174
1101769
286969
2213501
1769012
1382145
306122
2145411
2096559
215385
1773034
1944824
9909:
1717064
2381246
2480874
1242847
1537319
695465
1912632
196047
1189663
2561413
1819156
384781
1456070
11424
1754150
991:
1918957
2497159
1320770
2517734
540484
533315
1100077
9910:
1509766
334857
44694
9911:
1436545
2149490
2479667
442009
2511359
46903
1370831
9912:
1501223
2388103
833337
2161714
968293
88511
1509758
9913:
389134
537789
2319678
1299639
2023397
161395
678168
1951983
109639
2391973
924324
1776142
406764
1989641
688611
9914:
41623
64928
9915:
839859
1176673
374420
2541926
1405750
427720
252915
391389
725232
185160
1500874
955719
1474202
1307272
687612
9916:
178302
1079746
284686
1532424
700864
2295623
618085
1267292
2207195
206386
495462
421237
686065
1255369
867134
9917:
2320264
1631365
2481892
2525782
447206
363725
1422740
196069
1624275
9918:
206657
9919:
31587
992:
2503691
1632716
1136984
2441066
1931804
2607932
1764022
97786
1954341
663703
2276305
389196
1664232
209150
2123560
9920:
2635246
9921:
1498941
1226496
1132269
2278001
1410634
1953470
9922:
1115617
2140780
1770501
948105
303321
2278190
2499904
2542596
1266498
539036
224721
600992
869769
787298
2196804
9923:
316130
2015776
1837916
2318505
2145411
315605
2314460
2482510
1794693
848161
879907
1474258
2472447
885870
484705
9924:
524016
9925:
560832
1957867
2443355
2577221
9926:
1123201
416518
667371
1817731
2533925
181191
1387385
1727525
2047851
163393
1372997
1433825
9929:
79269
1391642
2578060
1628563
1720023
1621449
1468138
1441003
1918489
2577212
643778
628313
2409319
1623384
472273
993:
1861822
1504387
1188085
336704
35528
2195747
1508425
2428447
973300
450340
1345583
136724
2511202
1837128
1814899
9930:
1631643
9932:
1358865
9934:
1984318
9935:
1805961
1789896
629724
1711785
2404781
915836
1348332
288890
1037813
71923
1973396
1779909
1906512
856020
9936:
2612889
2500699
202667
1097721
1591239
844625
2261200
505243
1270886
1744121
650503
2237048
9937:
1533038
1483361
1514367
1683198
1306708
742428
402268
1412213
1611826
1211016
1367215
1603184
2258802
9938:
1871967
2328102
915950
491329
2466198
1568076
1556167
151982
417922
778911
2574761
1764336
1505266
459911
676381
9939:
2525823
1427683
1022378
293697
53679
2159332
2549841
613627
989293
971666
1378306
2620671
1786202
133913
1913324
994:
339448
2401649
1766484
2459251
2441066
2310614
118588
808135
2271728
1712165
1672266
960348
2278803
2182550
1391997
9940:
1325924
558717
619823
1752827
2608074
2152285
1026776
216690
951147
1944893
788660
2611920
2648181
315080
2402367
9941:
1821991
409966
2299744
9942:
90612
2014669
1603392
388535
1863710
2409506
9943:
944751
1023208
1282307
9945:
74830
2065575
978154
744336
1623337
9946:
714960
1308505
2643435
870545
1508373
632345
519386
954315
1652182
1671218
1797252
2204181
833885
168933
1794195
9947:
1786694
1163133
776263
1962503
2148104
374061
1237906
615226
9948:
1235794
1764387
1841072
1358763
435662
2638972
2514270
594972
9949:
182770
2435052
951446
196984
349407
567067
221914
17774
2375231
2305600
752521
2607494
175641
2599404
433061
995:
2568992
2510944
2263143
697835
1073979
714576
9950:
199848
467816
1821073
446356
1125890
1727827
2380458
1382763
789904
816085
2104756
345097
169559
1391882
964479
9951:
2564697
518482
1805131
2449601
842769
396555
9952:
2464121
2185479
1099221
445560
1411238
9953:
1357242
9954:
349508
2504157
741930
1394716
425547
278999
2628907
2011682
1976079
138494
781999
1354457
1941488
402261
28695
9955:
289852
2171261
1934163
1580406
173566
1768277
1321036
9956:
1388963
9957:
1990724
1658868
733228
2257812
970206
9958:
269554
114937
1523340
2346201
1081207
275549
2354382
9959:
726540
1878900
1949726
2415876
2607310
158855
681178
1014928
851866
594460
2100731
215108
460403
1643139
968541
996:
1648765
2143683
1587420
2383611
2524660
1366597
1827995
162556
564702
845606
2389815
1687612
279313
1476573
2174239
9960:
2549056
1789913
1573433
598533
1749158
2485043
821274
800513
1795365
968447
1319336
2545483
2172596
1814570
1511657
9961:
1266665
1734649
426128
2298006
174365
2571850
2538212
116101
1914674
1228200
2344684
2391026
1275836
1243051
1688079
9962:
1869926
2008087
323269
1570281
9963:
652356
513501
1122399
1828042
663882
1224025
1204018
943314
9964:
2081817
2301497
485943
1990521
711865
606308
33465
509677
1560019
2329805
556059
961678
2590925
212158
959957
9965:
1797166
555018
1155569
2179021
1401267
1845668
2573688
902944
9966:
278047
2079929
803734
1767179
1586849
345940
2183914
2646830
1657672
1168532
474700
30815
891625
630531
1558355
9967:
1746835
209610
9968:
509518
183683
9969:
669662
1722664
997:
939283
126127
379107
642195
2483976
861768
1683161
577480
822551
381337
9970:
2278190
127547
1058902
527052
1714983
1001413
1099179
1878136
749304
2419726
1599407
1795576
531732
2212417
572316
9971:
312110
1430466
1274754
493689
9972:
2006132
2381917
1203432
1121383
548418
1244898
693356
1593250
187870
1748073
2594209
1744339
1034322
9974:
1462151
1024535
2391096
867162
2532688
1876896
2563601
1356835
1849372
1675794
499334
1579714
2535210
853151
1596284
9975:
1124974
862596
434848
137341
108936
2097249
2560020
1999075
9976:
379957
1792333
1277109
1542171
2212455
769643
1326900
1340938
340008
600815
718112
731248
1566641
507130
1860427
9977:
1696916
860915
1623397
2100462
910404
592445
2349040
218734
1241395
2350131
1691464
147182
205239
1508036
553651
9978:
2226601
1034611
2478510
1382328
2099372
9979:
108031
2253959
614469
335236
2142748
998:
151209
1753332
939094
2244085
2267369
9980:
121832
419072
1541638
1123410
1987866
2192258
1422740
730002
9981:
1359983
1506089
71390
845912
814517
71712
1170807
690266
1822079
30391
1793342
1629522
760820
1261834
2170201
9982:
866739
1931102
472172
1777847
298587
2352287
9983:
166663
2426793
2428988
1747332
1226091
2494367
315069
322417
2156932
2123614
1502136
738136
1257751
1126078
805004
9984:
2497047
885878
2640984
2627593
587473
2610168
185781
1787459
1487668
608891
474592
523142
1792263
312081
2062922
9985:
2556008
919454
984936
87153
181594
1341972
1689013
2420630
2008349
2252814
902702
1035520
989093
1699845
2335381
9986:
1809758
210907
2199439
1047007
2520356
2231842
1538044
1212467
969753
682217
2420535
778486
907985
1572042
1815469
9987:
2557070
215405
2324417
557544
237567
2223988
2455506
2475151
47032
1374697
1441518
399755
2096942
1304156
2648416
9988:
551587
1994097
1721678
2642752
853872
1214262
2189854
2500833
1947062
383038
2079530
1595787
2623694
2465085
1901262
9989:
2026414
505558
865727
1800566
999:
1368356
1748518
1686297
2504950
2346329
232047
2192206
1614384
1459773
2641934
2467845
1762067
2528285
883247
2111370
9990:
1955570
2240489
1019766
1436465
2017966
2345643
2619241
1623203
1714156
9991:
963134
1262283
2043746
1289965
1892326
1498198
1297073
14131
758784
749504
2150534
1890915
1696663
1919807
257323
9992:
1729134
1882802
9993:
2152176
1768010
540709
1683615
1140115
1996300
2412822
9994:
912950
2276333
121524
2251347
1441619
9995:
824097
1913324
560942
2089193
937434
163546
1771303
486573
897464
2469808
826041
2326407
889725
1523998
1173459
9996:
66828
1149582
336696
2462908
1589627
1720226
1194354
592532
1351081
80354
16792
481320
899431
570792
1619158
9997:
2179700
1347835
765578
2328701
9998:
1288730
2536567
1107317
9999:
1473765
