1:
30878
2647871
1283744
2488120
317050
1904905
1989766
14756
1027056
1149588
1394012
1406595
2529547
1682104
2625019
2603381
1774623
470861
712610
1772839
1059319
2380848
548064
10:
1952305
1531863
1000:
2326571
977808
1010534
1861759
79755
98259
1960212
97460
2623506
2409123
1959111
809597
2251189
537705
929584
506737
708895
1900790
2553920
1196779
2411446
1002296
1580442
100291
433455
2368043
906984
10000:
200206
523108
10001:
262828
2609496
1474804
831991
267142
2305771
220050
1959883
27822
2570808
90355
2417258
264764
143866
766895
714089
2350428
14572:
1777623
247530
2272048
14573:
2184809
14574:
1571253
706539
146809
231110
353451
547636
835102
2192080
2342204
970588
2457209
2559917
2437920
1412427
600352
72995
567979
841408
2613509
1087638
1436736
480561
764075
1098465
336796
1760066
1144523
245250
47796
2212865
766988
1429553
851008
552966
1273843
1694533
835808
1411359
629502
1141131
2203861
1330816
1834824
1015526
224599
710404
113098
1191518
2341715
656610
2359364
2477886
2350865
359319
1467973
1645699
2215423
382143
1606520
200577
1003807
123423
1625408
2267665
1857745
849426
120231
660605
1940062
1039552
2375513
2139267
1020646
2596360
935384
407795
372722
809293
1136175
904400
954403
307891
1726923
1035601
2061738
1187894
2396918
1417261
356620
2034012
915020
277163
196857
388154
2484969
1610836
1757156
2255084
1777871
1028129
1725144
1660732
2164692
2384603
747719
1992911
2471618
1160977
1799234
2508591
2396030
129650
1980603
1377689
2384895
168649
2203344
136473
63605
2160143
166281
188929
1294279
817628
1044554
1101368
2066262
813899
399009
1024404
2586325
272684
433955
109292
623535
1297714
207522
566482
2597285
407605
2165559
2568374
1605832
1409760
1327186
20809
2534154
2515967
1617071
1552044
776931
2560811
626511
1077120
1806760
986163
318602
1719059
1586676
1599878
1764599
2325040
417067
2295256
271992
1894961
1285338
748127
2044407
292800
280056
1247034
360696
310846
202262
706981
14576:
1815246
544543
425756
2013340
1510204
527636
2381887
2564031
2183027
193540
1967560
424727
2474948
15553
962325
1265658
228931
2317956
503809
1040043
1921567
2315529
127365
1967361
1137678
1113323
2022860
1752102
1640592
2281:
858404
472173
1900123
86654
2071549
888120
258098
2282:
1757233
1551947
1987110
1512173
1644693
524865
2501837
1588184
2545795
973178
1418260
2016995
1715457
1246741
2180953
934579
180249
1860235
2110706
2478214
2283:
1608452
980280
2549119
1454122
2045697
2473744
2284:
2611797
2012897
329751
514519
154765
378636
1757843
2474926
276758
2566723
672643
929776
1420194
2347526
2048714
602493
2330864
1298629
407085
517002
547052
864068
2280280
15324
22220
1984938
2131869
708690
2141510
587610
348292
2570388
2317746
1372532
2180563
1337539
725283
2311487
2076080
1184067
673541
340509
915193
516097
240399
1492395
216151
1692408
1774409
1127274
32832
1612901
1683434
2285:
1029224
994451
2591987
868723
410602
130349
99309
1134356
90402
1280428
2525796
604541
1038531
271840
1709304
2608981
1147664
1624143
1790244
2156999
59297
158305
269474
706076
857778
1930036
300104
2286:
459816
1922670
2287:
1985176
2006503
2584551
2322613
829101
1856823
460980
987197
972624
134878
1027485
2019201
1390412
1960344
2454346
2288:
1428527
1117587
2242958
668725
1582709
1170841
774681
1714902
480622
2603203
44689
340418
1480017
566288
394622
2512456
272121
2550101
2006906
733230
869262
1593270
86583
1849618
2331185
693831
533771
66716
48552
2607373
384548
266988
1184029
357246
959235
1503930
735821
559997
1097454
62638
2515784
1442749
1702903
1588251
149795
2171648
1956888
1753554
556508
2274460
971558
1004047
36557
2139738
467472
364903
875209
1847771
419354
2289:
691431
229:
815718
1487119
1139655
532649
1427512
1446541
2525109
1037343
2033298
296193
1897490
2230285
1594090
1239486
2290249
964402
2290:
1717064
1640273
1728993
2026728
1216014
339532
968517
516337
2049266
2133389
938386
359752
2584177
2483379
106191
2303655
2441688
595730
146956
1455693
2332582
74539
2383280
1521014
1694061
526960
2307926
324737
1486736
1762249
70617
353733
586342
2480513
1842500
1029621
1174327
980106
84935
2035387
1067619
637278
295552
1314264
494403
1279468
1532963
243538
988020
2143918
1401142
2441036
163934
1981523
1685190
139537
1853074
1267352
1664395
483431
376231
1055440
6409
1855684
19346
2421817
1268395
707805
1224419
1634811
688286
2174456
2633927
908193
65928
963684
1781622
2220929
1816748
2395984
1591819
43775
2202007
2434312
578646
2498581
1876955
2139240
597835
621931
893410
871912
1434636
1309002
607894
2610807
574745
2092338
769088
920421
1016453
2121244
1719222
1643094
1030694
219328
1881417
2422419
2031073
632450
1186619
271055
1488193
1262846
2400219
468031
384318
2333155
967927
931023
615851
1698135
255903
1670188
744056
848211
19480
2515705
863558
782677
2099752
1942584
339110
1018259
1206638
1964338
2420347
2202410
1043330
818890
1170200
642596
1250949
247004
2044299
2443977
1284369
93610
2403072
1533666
1066943
1612845
1689818
2443784
420703
2059234
2014535
2086419
2419212
62925
1542449
367210
291597
968602
998663
817261
286319
2272657
1316612
1132260
2215240
1526943
292822
550847
591391
2610893
530812
864948
1654733
2395802
908057
1215212
2178830
760132
1295362
1537353
1402172
405049
717413
1789016
312081
880365
267197
878335
1772465
1756939
51639
2040748
2087545
394109
1735152
573875
2267897
314
2433422
1706266
1071095
1042615
1327031
1680007
2611145
1391108
536274
2636999
520362
2420556
1520830
2121306
76376
1882748
1736976
1057858
2395248
79925
2444710
931163
1749529
515054
2338597
1086585
2084608
395540
2584505
615092
694599
2121717
464126
934664
2113169
875512
104674
1726578
2318876
1090065
2115846
2595593
893496
1197116
1692716
1141231
1660849
302299
2282108
2019351
1002982
2101074
1324364
1995385
2449295
1274951
1215307
2189242
885542
471826
778365
658546
558255
1781217
1407403
659397
74703
817522
757642
99797
230029
216312
151609
1544921
1076018
2119532
1635414
304579
2572087
2411233
247803
2297485
1857416
658921
290563
727402
1166847
2127057
787230
1443734
12313
2637627
964386
44801
2611187
2044719
2028739
1097659
136411
1128742
872927
520120
1886719
2341077
503347
865683
2401552
1619392
1381955
1421917
382237
896750
2270960
1399102
815590
935917
219702
926503
2574588
2287658
873795
624171
1002377
1800894
279106
2541571
1396259
1535808
535131
416970
470468
347687
2010288
1829383
454264
1936873
590617
1830751
1546537
1304794
1930754
2225222
2483833
671451
1688753
1645838
2454683
2538416
13827
181389
933065
762314
1498358
412133
2485601
1495704
845719
1603196
78271
1021952
2526658
1219007
1259205
1593035
1377711
1064811
1724108
660233
109646
930280
1828372
1083003
1589401
300929
19289
204627
2337187
1547836
1423285
2535225
1160752
2093109
452197
1661836
222613
990809
2243718
784808
1058965
227094
820151
2291678
864707
2595367
2170886
1839389
1742227
1406565
1417546
1540255
1198385
414189
2632303
321933
1467965
2313488
1168044
1295427
545992
278575
167956
2188203
1480699
1934408
1487011
2027693
183017
149877
774931
1123112
1212480
1420974
1306893
1891524
2074844
37656
379005
793892
918742
1879341
465374
1761836
1321717
1440246
2080886
1036567
949173
2344541
1778378
26210
2472970
47761
1303933
1342259
713021
480094
2541761
1292748
347779
268335
2086604
760433
2450961
1491592
599919
19057
902787
2362663
903513
1605790
1877475
586448
1384815
1903757
2338376
1639011
1125096
1584
346036
1691347
1848916
899612
18268
281344
2011836
1470888
1726750
2203919
2425215
614404
263957
380729
2124924
1425190
1720228
525257
1248373
1270
1030145
1008746
1052071
1643946
1345079
681807
359058
1547877
445501
2461432
72616
978336
1082757
29465
1335361
1210944
1517418
2156627
839833
373905
2606275
1143747
273525
2171742
578783
1614369
2239022
503079
2080562
114111
711801
2595180
859116
1414290
1433860
1117599
972263
2310027
1875938
945023
489801
1627331
1167593
723240
1901979
1886957
528287
2269355
1980462
1930434
6360
2545751
71036
2313298
691722
1468623
154207
284084
2067329
2567573
152785
687154
932358
1912185
2531839
2263860
926949
1833571
1695450
1932453
1544931
1758028
1859838
339076
2197792
1942311
9994:
912950
2276333
121524
2251347
1441619
9995:
824097
1913324
560942
2089193
937434
163546
1771303
486573
897464
2469808
826041
2326407
889725
1523998
1173459
1763537
85601
1451183
2579961
1137411
1626521
2140671
240851
1365671
2001195
250836
1131510
1427987
787968
2336219
1022395
1323070
239208
275498
1743988
126681
2529759
2238529
2090165
2219926
774958
793027
1404109
1740800
1378830
441178
1198298
247846
797049
1322867
202273
792817
2436032
2370866
1510947
1276114
2296244
1742919
301841
1211133
1384452
1582387
1293796
2556754
1841210
939970
1945118
2376038
2077668
105596
2495765
449537
2429248
1197904
651851
587879
1337310
1953492
2393202
902148
2468512
1619737
2499020
1507400
2387221
360581
1760325
2396222
2446386
1901576
733906
115438
2354195
1891935
2109227
31351
2062044
254600
378346
163357
1574344
2460019
1792347
1034153
176168
1244036
1607106
2296531
580802
2046572
451597
54412
2636478
561377
2481460
1541262
2501711
2132108
1020337
1348230
1122509
1422737
743623
2056549
153068
931503
1119629
642578
559034
1654132
1927428
1822249
8450
638866
765308
2586849
326839
2127784
1243729
928595
198755
721144
1232910
2319523
2269901
2420298
594219
1595489
1020352
564436
2218900
2512727
846555
2385402
544778
350782
800940
2594711
709562
49351
1547773
1923432
2488514
1399334
2245749
2269385
1256895
580018
1674641
1473556
1675984
1582340
1942272
2045481
2007300
2285360
136306
2198383
364710
1863485
1292195
1132000
1952718
1009577
566240
1968999
339288
1605131
1392114
1396663
1720424
2354939
2047814
298221
915668
1564010
2144572
639434
825578
1930058
194929
1847661
9996:
66828
1149582
336696
2462908
1589627
1720226
1194354
592532
1351081
80354
16792
481320
899431
570792
1619158
2571420
1817485
1206224
1553993
9997:
2179700
1347835
765578
2328701
9998:
1288730
2536567
1107317
9999:
1473765
