3430:
1519388
215589
1144078
1747695
2379717
2479356
2133551
1870382
2352289
2353709
2599782
2073118
1230638
267818
330277
2495828
1862101
294162
577270
2448875
2386314
12929
3431:
583473
445728
1406016
809956
1807690
116971
2316325
2376336
2296658
1226109
1159164
2265782
255433
2416525
647393
11988
1508362
529303
1957863
64717
3432:
1836112
527059
937335
917311
1906681
2093971
164995
2231178
497753
368414
532817
386842
1291718
2325652
3433:
2509063
2095891
2014717
757109
24473
180849
716779
2269498
126825
790049
944774
2127068
603197
2231555
160600
874947
2249677
636231
427458
897928
1205519
640741
2546852
561370
1683320
1039299
2057693
2177416
1939279
1091924
1836751
1790601
1670143
60712
433625
1749314
547310
317789
2120679
643703
920295
534071
1605077
2010973
1197810
2172043
2632360
1997439
2363452
2577554
1500612
2558080
1319105
85692
328992
2453499
555949
2016008
2158165
5834
717404
1585387
828918
2646139
1696936
2323614
1988048
1103403
2053520
2018096
290137
2216489
704113
255144
361220
588779
729786
1960183
2176973
2376634
1514102
2605941
1420140
718603
913782
1500902
571860
524064
2358939
1393822
881614
503236
1706204
473411
257490
2574401
1476556
38580
330912
1847978
1715666
913520
675595
62228
1143797
1399082
2594830
1674784
1230462
1899249
169093
660349
2381556
1710664
615509
2162243
27793
209823
167170
255032
2468183
302335
1377263
1663642
2542671
2160522
1398288
251030
1927810
651146
1675495
421953
845166
2126591
1446150
2306898
11867
921481
428703
2033466
305047
384586
1053891
1454385
2044989
1104636
1346351
1244800
961616
1355920
16337
2239534
483909
675066
457857
981430
30716
1098926
2545651
1921716
1152690
115639
998585
1484257
1885684
1522219
2090775
516689
1089584
1207928
1351539
1969985
824182
1813634
2523729
678983
2070142
2426464
1843393
1533466
895445
1479452
1112534
91226
1154075
1645211
1378381
1393732
562668
1959583
2223336
1631774
139148
1334187
1966174
463625
1347842
2001414
1140709
628847
2091575
473625
2413173
1536905
1003176
1388600
2320578
934977
2004367
1656777
725431
2583558
267305
250036
1826958
1616791
1851986
388504
1157854
1627497
1222182
2536969
2507810
363198
2627340
2404381
976687
787647
145843
1738757
588071
31368
2121077
782773
1894921
285082
1302949
470318
498644
1437027
2366713
2175826
284052
436905
320371
620496
2041458
1495914
1777654
1574268
264615
2254750
1634056
1231722
2035133
2622708
1816119
2118923
1418942
1022202
570532
2322231
2209731
296876
1318195
1925780
239517
1723155
797097
1035766
488864
1670081
241083
414432
409709
286548
483075
1064349
2365500
528324
2497148
2566147
1902125
1606520
135719
2385436
71462
2361387
429983
1262955
677264
2512474
34891
1715430
246117
90854
904204
245864
2102334
2193903
10971
2013120
405063
1777158
834502
1366657
1269802
1922495
2460234
323510
195469
1224661
280635
237921
1637859
1081311
484660
2339964
848755
1271295
275074
338069
604824
1846034
2533843
2153942
1635924
2258636
390552
970145
2273949
1284161
2539207
2029355
92328
515404
52009
244678
1485628
2066119
1866087
9128
418166
1123774
2203050
145956
2596566
1610862
1472433
1051569
2411102
2228167
250130
1943827
82961
1527536
112496
1210179
555545
323255
764157
201517
1858579
1791853
58748
2195755
2384610
971873
1434099
1089308
1488253
983233
1064879
166858
1293754
742631
50964
870072
2063844
163069
2213163
1062737
1160297
2348173
697421
1102201
1534288
463438
2574527
240041
168831
1878787
888841
2357566
736264
2080883
1954071
970603
2173919
733552
1393194
1717746
184992
2558357
752163
1702727
646048
2291653
1002879
2316029
1638039
1176452
6738
305611
665630
1853947
1481262
1718175
2052673
169468
1180936
1384921
162290
1076099
2617060
1877222
1180032
2564557
139858
1220291
1078396
170026
130068
335095
2463715
1375252
2646006
987393
2044400
700943
2075463
2369257
2073094
534090
307346
629080
498844
2419340
1711809
2393783
1910879
1250137
415234
1290509
697935
1934888
1212724
108397
1142514
650726
457341
1079023
901674
1590112
2339911
1275702
1407649
212228
1799082
2178151
1771157
1807667
1604257
1943321
2177359
2050076
447109
1775029
982622
882012
194937
2387461
1401826
583690
909346
919209
773321
1410866
1415154
792801
1653176
825479
1829253
114972
2510359
213642
2145994
302372
1421736
421256
1693160
515361
1145740
1078232
1077783
341046
204272
1608079
1043672
1236396
1834750
397793
2392918
1652205
1807469
1617499
1061205
1639251
1041088
1199856
2275393
1105921
1405168
2283477
1347602
1434554
2044813
2434678
1559615
1671779
188237
615546
896087
479190
285961
680852
2073331
2551215
1586691
806072
2416672
1521731
2041008
1120791
755670
1368970
1356184
2519725
1798133
1398537
2129024
80586
305016
1787938
2114127
1782868
2615449
2614627
125644
680917
842006
1201238
2150574
1334873
276405
2452030
1358449
1071074
2485843
1312202
295845
1722505
2238663
1422002
1777144
1562597
2387538
530020
2292968
1056119
1233325
615139
2290763
1160754
1060254
2281925
131290
1174611
1957898
2590810
657613
1225252
1151569
1890787
31336
2252597
219844
1035562
1327969
61839
345133
1467367
1404241
525207
1240761
1029112
476953
257505
1805256
1646962
177308
2340796
53936
549529
1106250
1409771
549862
74333
157516
1500218
1801535
2309518
685356
258355
294714
2511576
403801
1581244
1788295
427266
719899
612459
456149
1205171
2299776
2573706
1268018
1349526
2105727
440353
2229871
434884
500273
799607
941567
238454
2349268
1260805
541012
2102636
66702
2294413
22365
1277352
543758
1248118
754245
903793
554905
420018
1142582
48623
34922
1690092
379899
1451632
468490
1585136
490196
1001048
981602
1585243
995750
2235805
708779
433704
282981
887429
855586
2458229
627769
362235
1228654
1536580
1669467
410428
338618
1567802
2470880
1559434
144905
2598918
2581713
2156270
116303
443795
948998
2479268
2445913
1329097
2008034
2427402
2067296
608256
1322670
2110000
2506707
1378124
1759188
99638
514377
868277
116731
1945782
680976
1377391
1615561
1336363
653542
2566418
2231058
854440
1110671
1286788
884939
2372413
894932
737702
1224952
1566161
2303129
2480842
2184019
2634622
1742149
717777
2507348
2348123
2505205
703443
2643346
168989
86890
1810051
1933955
1522624
3434:
1500738
1370772
1257990
1692804
731258
142054
2353721
227165
1618318
2613233
1811568
371501
1670037
891625
1611038
2323859
482860
648078
1354545
1418573
128832
1122894
875898
2596797
1174390
1731578
1214803
340754
2374332
2212729
1505289
2281682
1757911
1280274
158408
1721400
2630218
1849452
1137191
1701373
2021477
428344
219924
2403057
2174812
876021
2482623
2465232
841973
1114607
98000
1243368
2226577
70827
11232
750964
504169
1717269
1950900
1098793
386967
1257438
369036
286680
366054
1476450
1668891
914197
507349
558130
1887386
1144009
175058
377013
203442
2356152
2366604
179086
1654617
368276
601432
1918340
2244116
385734
3435:
2511359
3436:
492355
3437:
1609049
388088
444160
2097738
1257043
1733072
172742
1943504
1749497
516926
570633
1240283
308951
675516
1788096
2060806
98100
2509902
84589
1520235
1685846
2448100
856146
893743
1530836
2268861
228651
926146
1826824
21805
1868702
2079925
648932
690260
1657388
1182905
1681148
2263054
722033
2270528
1231889
415663
1344139
2306987
707298
43431
1258035
2179924
959692
1998812
73865
1133112
173424
1605255
389811
625683
896927
1225643
2246955
1889956
961811
934418
1299092
440479
865660
1446494
1851393
2255484
662867
785771
2220065
2359988
300399
1010374
2289095
813980
1264514
568441
1707774
1722594
1820049
1907128
253065
926732
592832
1230691
213232
1637971
1333047
743386
345569
266215
2517924
438722
1379722
144725
134441
2130547
1547584
1012063
1621857
359316
1767795
905479
1027037
1850992
1820849
2101973
2104064
689859
2244033
924316
1117829
671346
1195392
244538
841666
1494252
768483
2299650
84509
1262430
2348186
861247
246226
1056906
1954316
874450
680507
2167042
1282024
2253072
1825868
1228244
918586
1789482
1721510
773524
76119
2196677
2591467
2352332
1871754
219274
2124788
2141621
1411623
1748052
1901084
1564815
746291
1955712
271402
12812
1803830
896333
1346832
1257085
1285734
1122372
2286016
2238457
9948
419044
1212069
2359492
1975614
1320160
1635365
398239
680622
1001648
1221714
533802
2526705
2363844
1498985
1807626
2566216
2603053
916921
2582512
501914
1236875
1180613
1138794
790348
1364481
2427256
1972489
320805
930855
558924
1524299
1699820
984538
1291438
1353056
527711
228569
553115
280614
1299122
665399
1556165
106024
45191
1300824
2122465
841604
1119866
2139777
3438:
2500070
1329758
253684
1336638
1594633
519229
1756076
1243057
1087847
243050
2546993
984627
1081315
1766478
2150507
1044783
1449359
1478353
177816
1387206
3439:
731139
1634994
2136128
1872347
1790371
596999
915702
665594
692487
1396624
576855
1010719
406557
539870
2375319
773165
2030032
536501
47534
1061605
1014116
2428607
1756280
2171594
648377
884949
2542792
1991519
363404
2044730
1331466
1264790
2414074
1330206
493016
662815
344:
1450447
1204543
870874
1944516
1684362
1146880
82145
1832256
663193
2270611
1746542
465856
570831
2180384
2494808
160623
747744
1940787
2300801
569989
837952
942951
1840777
42950
787289
1487204
979884
1668680
2185250
2308175
2281472
2317556
953790
1970974
2574617
2236653
1875786
2337401
368925
1105663
215319
1143408
2150746
2277814
1797145
893185
479092
2196874
1258292
963676
38611
346937
377334
2239209
52896
1789338
755357
529267
1435109
1523783
2371425
1079703
3440:
629358
2130961
617163
3441:
1644259
608309
768274
1167278
2080801
2298528
425488
801646
1291152
2011929
1678060
2111422
940404
1337323
2064942
486796
2618851
174868
1422872
2396511
2452654
1849370
1655075
1671869
618697
1576064
797782
1312395
441324
971041
862622
1292345
105087
1379231
744135
215405
1606064
1462949
169226
1673307
369822
987034
1517435
2340465
2424207
2146490
1917600
545812
152135
1250905
113439
1532487
945824
1182396
519386
202764
1691126
758424
936290
1240823
2330735
2302327
1844382
343099
2492720
1857164
237509
772020
2161472
2479509
2153660
274591
1136540
1617837
966208
1149902
586424
915844
665030
389772
541295
1962894
18828
1728914
686540
733453
1212442
1599336
1977959
702325
429787
1614269
660587
43095
564931
471621
2393745
2649331
2644612
1637218
2206158
2314561
1127414
1225389
1253958
866012
520740
629721
1340253
1309944
1324032
20050
1386513
501235
178991
100979
2612303
1097350
836796
2371469
950095
1567240
1327528
1355423
2012251
194318
323263
1711490
2490055
901274
1848016
441100
1662860
1321126
639524
853250
507364
2062031
1380934
2144987
1282967
2632697
1997841
2237586
2641158
271910
1245996
2535051
765066
1058639
975926
1930035
1299391
1477825
1449496
922061
1788609
1150291
415580
2143267
948813
735813
1473372
2496776
1998064
1061673
1331181
191940
897756
431832
495091
1073268
41123
1499682
2508119
794957
1762272
2574130
1320413
715060
2229591
380726
2099899
676192
1913930
1614749
888882
492974
2354440
2045497
2149067
2581715
1949002
683505
153319
2229308
889992
544338
2086280
1620113
2305029
1935380
769711
728831
2559171
1032139
2141194
388615
797600
367288
323614
738680
667414
351820
183873
901927
2549461
1591751
267160
2644476
542829
1606407
2418087
1615662
1426474
82271
2146271
1079210
913872
1196522
2556925
1712365
645492
1038939
1499489
1294583
2434276
907558
2274600
499721
1058379
1047145
1300907
120378
168108
2470988
504220
1680114
1226073
1686322
2588129
2088838
985872
1115274
1674916
2489752
1514772
151001
260992
1044346
199062
1641641
1021233
2585433
2111566
2139240
810752
1927676
625699
1278882
1638595
1968440
358104
642621
1646493
392947
1637369
2639089
1192757
2295463
332619
1040453
1365671
1402224
2609333
2527162
1943596
1659456
375713
2456989
2448612
928990
2151206
1792141
1079815
223974
506027
111447
2268907
1051457
1735972
1234546
327211
1776626
1163155
785050
2272951
2100886
2430686
1264827
973603
2309147
2102618
2590257
1972917
1177657
555018
262712
2216856
1956730
322927
885240
966881
1837284
1007687
1061353
444469
417410
1611560
1734142
1018901
2100928
2183684
2187026
1908992
156593
1756494
1634930
1424927
1518440
1930463
2411197
2266604
1078727
2442188
1305565
123757
1257939
2115234
1287029
1708065
1201739
350294
1270360
1689120
422740
2163995
1962474
1906305
2363331
940264
1808539
192515
275649
2475059
984028
2346487
2631695
1388496
1760551
946779
2110343
1707260
818025
1103190
1158476
1705503
2044327
380932
2448916
1211107
1256257
1824845
2119708
1392277
1883049
2093323
1266678
554409
2337638
1495889
2424492
2503403
2400072
1102360
348916
2278297
964658
834430
2326175
739525
811522
73659
2237950
776573
1828392
2222012
1422242
257052
1680165
214571
2188731
1487713
513766
1858948
1249577
1554241
2375743
2586150
2132092
2494833
1547727
1086150
2506519
2588313
1130349
696455
794699
2282756
1658301
1322814
156421
1052787
2400329
876697
1387253
1593478
421712
1786296
1320147
2079571
1184281
2372963
510391
2569339
328301
299357
355576
1627292
884944
959357
1862472
55993
428867
2094631
1297219
1757827
1315079
212835
2137959
2593693
1245709
1991994
2403251
970988
1360661
772094
1693500
2004006
653929
834262
112165
547085
1211307
2581260
2531593
1325201
1157795
2346187
1450048
495481
2234706
629014
2469271
2006512
1293202
1134084
185231
2331744
924358
221008
1184925
2203253
2491894
1437668
1496080
565801
1045065
846661
946371
197398
2372819
505561
1775362
892131
473204
475321
734478
1625883
63493
1562670
2437336
721546
2379179
1318608
2643933
1251664
161849
1008797
826002
1661927
2568363
1896000
257893
222781
241798
1144542
1748433
1695114
2428259
941715
295801
775438
1739802
511539
892166
2514148
2061794
1994097
2512565
227957
2049346
1205021
1924173
2292393
1184234
1317589
594676
1392228
952768
1119016
336618
1123247
346961
266429
1210171
486392
119148
1320438
289699
16061
1856765
111859
1415939
2119410
1484610
798030
2015956
181329
1431780
584841
576484
1409281
2571095
1732670
1981880
1528380
1261572
500474
1124317
1120627
662270
1499094
593888
1685089
701619
969845
560679
375613
23109
1333630
2419991
46956
265080
2316025
369388
2073753
258914
2285682
1026880
1892539
1133946
55621
1846864
1179274
436072
2074443
1936386
791582
1439714
575022
1202113
2578214
2416772
2346813
1127847
2323787
2122859
1572555
451291
366572
757417
2067315
228751
1693035
376701
312178
772512
2044703
621233
530300
2191610
960705
1356727
1647972
2634530
1225406
2544864
1630326
1589336
2635781
2560985
876825
1530798
471064
1429854
1736315
877351
1726712
1249372
1144048
499269
658105
284934
45207
2077502
2520582
163578
1327705
1836358
892812
1411233
1799362
883036
308240
2104798
1403790
649747
1303483
2494022
924609
1631593
780120
996064
1267516
2591796
1024123
2620577
2184474
2466806
2397204
1056836
2415768
2202265
26376
2554994
2484099
472452
298447
853460
1779265
1073211
598786
2008277
524711
119196
1372218
1262590
975534
969330
1926517
2554944
1685842
927872
1224670
988868
2633489
1339712
1166633
881559
1007577
660312
124699
145999
2206965
713860
2506506
395712
2311435
1371839
746970
98205
2365453
1250156
1586148
166467
411427
2344419
2334610
240092
808604
841592
1726700
881027
479060
1419521
2260049
1172522
635759
2300640
1603904
2223493
1820874
309426
2561452
1882347
2173904
1094597
371763
936900
58489
1121190
361556
224334
733084
740670
471960
270677
462526
502593
2100003
1037454
1923216
1693847
2531501
