482:
1012119
192109
1245396
435711
735329
810926
1714403
904965
733724
176543
1224458
2537285
2377899
8896
1550161
811057
1847713
1545596
1609058
1133788
190795
2025167
676076
1776702
2582631
1522435
2344186
2030107
510662
1525719
10042:
1645365
1553813
1625264
2198877
1818373
2444942
2132469
1028345
1039680
417124
818856
710030
1070065
2644901
1862369
10044
2246937
1443724
2174615
2126942
2073663
1783909
555123
839344
1825204
1964770
868648
882246
2013806
1452581
1520122
2044027
860927
117293
1495389
1209681
1702328
49943
1083261
753618
1753788
622800
10043:
8061
10088:
777787
278223
1763142
1410211
879475
10168:
454809
997518
943201
613042
2432316
505335
486818
1070771
1737488
1809481
692988
2378089
2513193
22561
250865
2597087
219836
108995
1127341
1666507
222751
357258
2036827
2201065
1612184
2042435
1412259
2259240
1968800
1495781
2380399
1551573
357461
448947
821559
2087661
2143381
1043609
378225
450895
2583
350193
130024
797735
2631614
10173:
334324
2230042
1597938
10185:
1536728
10212:
1174046
1665795
10229:
1125979
659764
2142125
1675624
285200
2384144
2572150
670597
971806
1554530
1797090
1477316
10229:
176042
727748
540649
1649204
683445
1278834
828648
2049659
311017
1292344
1815798
1890044
1541347
2275317
10231:
1360134
112809
1670765
1473207
671400
1037807
1955176
89882
10275:
1096378
1051464
240244
37105
1474632
696309
28707
1471126
2415407
101597
1938816
1759966
2157185
614919
1654431
567618
1515621
912707
1688176
1041543
2224675
2151197
2554991
1253177
1798570
2483569
2504966
10347:
1988518
1176980
10372:
840675
10375:
119274
2396276
2252478
1187533
2054546
2217565
2380822
1297203
1864710
1308259
2286269
294173
1414441
1384906
1365179
1699885
169288
1595722
10421:
1104676
423476
2489753
153622
10428:
670869
127590
522710
281383
1046:
548703
519979
755593
2458335
1804967
2106395
18154
2433422
1910130
1996876
2474574
1871228
2292929
1115201
449423
2474448
2315309
1670149
1341417
141996
1800701
2092481
12471
1468623
865083
1485954
858348
1201829
2019258
177029
883400
1552155
945057
562128
1366454
10637
2221907
623940
2196403
154873
921389
645460
1940050
570092
1811789
1996389
2500037
1018713
952853
1613678
2194968
1047:
2561084
10550:
2582500
2318912
1299784
538077
1156307
1582492
1720920
2014284
901092
1371085
1658300
2106427
744938
1886717
84051
28703
262466
10550:
2221293
1699939
1289657
1603164
669859
1644749
2002965
2597168
112927
489301
1249283
2415756
2633478
2147638
719247
980840
1565473
2431904
927894
808789
461715
91940
2280050
1885421
812309
1744381
1602910
1319299
1161453
2371750
1393676
1952894
10561:
972972
478492
2277648
37126
2381105
1048995
2421998
1105863
2187076
1756310
2352221
2248887
2391333
2434028
372016
1241647
2229844
219274
702282
2135571
1823650
2614627
2627591
1073964
2148023
2124298
74719
1201830
1735978
2050448
2489208
569672
164673
1316874
1965495
1785138
2340324
10582:
1342348
812377
261611
1656133
1132323
2464456
1093487
501949
2441734
1927136
1357926
2581488
1987609
1372641
1329884
204049
978771
2583108
511255
10583:
1259206
958875
1271093
2457776
764545
2128721
486124
1309294
860771
1114433
820798
896661
949560
1522518
1285725
636365
695277
2522498
229640
982070
682725
804858
956786
1852336
1799657
2163806
83477
2233909
1279780
517037
2057350
2098453
341524
835776
2254558
1046033
103587
1152090
456123
1557830
2000861
822440
721104
617492
1544409
845204
10598:
562605
1731858
1174882
2065638
288365
1088932
1431954
780431
1904119
2419941
1240813
702600
1689821
606453
2019294
297486
2618324
1875539
648980
2385970
658299
1658634
2628258
1126857
2534736
1549954
327173
2533716
1009230
1564828
654317
1301371
2180421
599780
1969751
714693
2575138
1845676
638680
312008
246878
1825941
1932460
497313
2306566
792199
10607:
1354592
487172
735368
2145273
2012462
2140082
1446528
1745354
2355078
2428884
10625:
1227662
1087778
2502172
1855809
1156415
195913
1704464
743255
10643:
994077
777301
1891279
1993273
170322
694838
1359694
872455
228978
2398669
815715
1066:
2257205
682617
666583
2041958
2319585
1422848
508139
1892333
1798901
611629
2499422
2080752
729892
736518
1274660
2246428
1441546
99473
1490846
2091831
1365591
521301
1558068
1045226
314858
401738
1160253
376456
2261277
1939484
2197942
2066577
257285
246082
10695:
1120178
529323
2188999
521290
1203928
2183493
1516689
70827
1596022
1495525
907681
191028
1073:
2475919
36487
1116849
2176700
2196493
2186097
99647
2397636
2519335
2405604
2143267
1021700
1625000
985381
1097571
1845566
1979444
684978
1691470
2617288
1264646
1620824
2136720
1869536
390674
220803
488769
1083092
8766
2471565
802148
1253400
1144517
261204
1765691
797260
680979
1547727
108561
1637970
692941
1640828
1533996
1372674
572010
1005129
736140
2241172
1941055
68768
936988
1818303
1073:
2053090
800474
1776678
1304844
700638
1191031
1967387
425991
2317692
1307828
2133411
1085799
2189157
499301
918704
1552213
970784
524606
1084457
2302807
1901577
805066
1982819
1583036
431571
2385732
332037
986372
2472079
833708
828806
1441084
740831
1608731
2519066
2618195
766836
2381955
2623583
2366939
71889
162915
1764835
747609
1642511
2277843
1915384
2312265
2477489
2044766
2398556
2083368
795043
1931320
38559
470795
1613660
1470376
2452906
2281056
1720671
709378
126318
879974
1496233
2348440
18630
32719
2468158
872890
1193525
466327
2035729
2076291
1400646
1301383
906633
683823
420522
1787768
1304505
1254783
2615482
2332597
2645692
1415843
2386154
1556814
1881462
1959289
1447381
638746
665206
2648006
835961
241960
1658465
1082407
837234
1510647
1653183
2228173
2363352
974349
2590869
2479340
758099
1189679
2588830
2624941
2473418
562839
1317349
1209220
239781
685702
1082415
1918415
2648999
1623601
76408
721041
115013
231358
1770482
2309567
1380024
1417992
703484
1963786
1040248
1907228
2410941
1968331
1390664
1367190
874316
1506899
2264924
556230
1749614
801053
1012609
898798
2238043
1416673
193476
810138
770557
1003383
387004
792225
1090446
1967298
2197955
171843
178333
1921577
1443805
2318377
1112852
1070635
1216430
1272978
578656
2418504
968748
1556244
42875
2067828
1807745
2089625
612340
428861
510689
1230550
1384114
1800814
819066
2190231
2123638
1845131
1240993
255565
1288823
1528136
1647039
222701
2424547
721428
932019
892886
200973
1104427
1611246
1394832
2425287
2389863
794268
1244055
2584600
272095
2105210
2149812
2228791
774423
2380233
1592841
2040123
1073:
851979
1661476
1372858
2327875
104231
1529809
616853
1649778
1130466
600797
113313
1952410
322866
1652756
2045742
674430
712503
2404967
1064361
2392074
1851563
738096
10228
2499616
2025545
1873878
1132819
574135
1108206
1996379
976641
2486537
2515799
1062934
1463534
47691
1242004
801408
2079512
247454
946695
504438
1335860
1501272
1612181
1934017
1100356
1947427
2493901
1607524
705758
300301
2244671
296197
2487532
858340
2576917
2298349
242783
576228
2614431
786876
539991
299400
402941
1419698
2067481
1521090
510360
588814
71402
1416044
1456701
2376328
1027150
1263020
806431
2411650
1762257
1044837
1892919
1618874
607922
2195273
1493893
1505803
409718
1447976
2336721
144873
1073:
2559897
2583039
2394357
785153
1658366
1919650
1101009
2138814
2649296
594992
1009371
887706
2466383
847041
1439452
2493139
695462
2501916
1286953
323755
1782115
2194066
1574520
1746987
251202
1344998
1871934
1073:
1256789
2165693
767855
2416771
39230
2090730
882411
1652121
586022
1116278
2244450
2348337
1538530
549393
367174
1912309
1586341
568908
679495
2263722
845822
1383976
234693
267857
304708
1073:
1660597
1250786
382889
2042972
1904908
2246766
481842
2279581
1073:
2645143
2469810
1295702
1636782
2313435
2020483
301591
10759:
303464
1200592
800739
470480
1700379
181820
1831274
1540703
1723176
1471527
1684001
2500384
570360
2143922
654539
821644
157171
1916020
2172747
10778:
1998079
197785
722175
1760343
707158
377396
2198091
1617734
1074922
542345
554902
2215060
2648870
2065281
850382
1709384
1673054
2140834
2576700
309967
2061940
805025
2367784
10785:
1140479
899662
734563
1748562
2531780
474198
318754
10828:
988553
812148
2237123
1249238
10894:
1064587
1047834
2604846
1836585
2312269
2275722
10894:
284373
10899:
154049
610692
1237118
1502043
2642835
2516004
1952263
1162869
1928230
1992409
994760
1958243
2318742
963604
2037015
1686723
17485
2199087
1653442
59839
1815120
2554750
846788
1283137
1435383
4813:
203498
99235
2548754
1614032
1057681
39147
1663227
1334670
603543
1339179
