17288:
1900367
731870
1732390
1770537
31821
1486009
1117357
16004:
1021948
1147634
6633:
2528534
1015023
422881
876067
1748820
92041
1316565
1146220
2247388
2627268
916438
617585
527777
1105390
599712
2069796
320901
602036
2545873
448189
81654
459587
1032073
15337
1660132
2499802
633531
165425
1866997
2243974
993168
10712
757762
611549
2279327
532454
2562870
559670
1997160
2302641
1070528
1616810
975804
187599
766573
198530
1439980
212591
863936
2119334
308137
1717953
218699
1934218
1624505
1603948
699185
192519
2376038
163910
152136
102487
1546264
1402480
391859
1537958
248267
85383
1298468
553830
2339997
332903
260423
1399305
1967480
3599:
1395430
1601348
1385697
964261
1765095
2292393
482067
1365849
589302
145888
2428223
1794421
1804172
403943
66892
1738113
290887
874853
1900950
124870
1274229
2158461
610084
1288357
2105847
784397
753136
1865701
355078
569340
2232903
811988
1275569
1389065
334132
1519692
1865929
1517410
840908
1806093
1985040
1933:
238713
1704446
350560
1185371
1160588
258840
943428
226125
887944
2212933
60204
905467
1398903
1400492
2363928
652371
3381:
1232953
1074143
1244733
1168789
415073
3595
1470505
2617503
2584173
1119319
1832861
272419
2397396
1889646
961449
601747
1860815
1069795
965677
2226659
3049:
1850590
1273644
1609090
2559089
9934:
1984318
1743:
1811105
577553
794977
2125473
1555902
1935970
754349
1061017
555617
1349139
802154
2447935
2160787
1126860
2368037
1813114
1657912
1830474
1006792
2567391
620147
1240390
23404
2598561
2324961
79954
1919678
1468050
2259445
142879
1097765
1187804
124014
1310782
643058
1564597
1195095
2365709
198936
2514673
2582773
699783
1740961
210632
2535229
1066571
1310573
421973
2603723
2607984
562002
1035052
2541443
2069095
1674064
119104
786031
291477
2618792
2634259
238085
701256
84274
2465039
735078
569764
2088599
1449806
1900736
195512
288393
1216763
245967
2365193
1302220
5418:
2453110
2051111
28031
457798
2297004
732802
15280:
1225458
10286:
2431405
732385
2611506
2236758
2129016
2404351
224964
526716
2196012
2357576
286305
1708083
1370013
2555429
2352635
736644
401749
1480412
641691
474713
858202
1352361
2545922
1251556
15456:
913542
1635615
50758
854:
2147375
2561394
2407:
50259
1603364
270707
2370325
728931
782937
1787953
2168200
117581
2547473
1347590
2497523
1098865
1454533
2242513
2451268
234080
13583:
1711785
919504
1503138
138088
1207508
54946
9909:
1717064
2381246
2480874
1242847
1537319
695465
1912632
196047
1189663
2561413
1819156
384781
1456070
11424
1754150
841015
2426149
986629
196308
2326319
1065412
1359494
1009580
1007491
1800047
1531780
1262598
110202
1654259
760269
955406
579291
2165295
767654
908513
1934019
520130
1405760
471658
1075230
2598196
511017
2009759
1551692
1980135
1301568
336282
282032
2641990
940338
859316
1816817
1641583
2630257
673858
1676284
2163577
753250
1104756
180113
691983
1248716
1111941
1866714
1198196
1765126
541754
2353324
2576043
70725
1963885
1305099
580056
641518
2476085
9880:
418653
2380638
2175611
446674
491201
9389:
1773742
1702892
2031148
2193664
1970816
1222158
1304853
1151461
489223
1802821
790792
1941680
1804172
1137326
1749598
2449260
1709366
679592
2283114
1094162
563299
457276
1813212
960803
1994790
489482
1320407
1938849
1897352
2100645
486188
1209161
1797609
2181115
1606695
1078490
965958
2518922
2473374
1633251
12712:
1216253
2333602
818416
2326924
1162:
2160854
1527527
1980139
1812227
2302711
103889
57959
132278
245889
1948063
1258821
1513433
924:
2263441
1749674
1797654
2090942
349:
1399102
1560099
1950812
7899:
2373553
1950540
1867481
1783084
1720149
669284
1327032
2360946
406717
2165686
1151159
2021854
1160062
1785017
544982
1789683
2094457
16564:
366193
277783
827588
527377
273520
2503103
2540945
918309
1767265
2063905
112562
1343262
240801
15411
10954
944535
1769530
1751810
2340603
2621015
1793847
1286457
70476
3903:
329839
983578
388547
2196500
81608
1776541
1866211
2244477
1684624
488007
465847
2048380
535553
1966849
1882899
2361157
1757246
2495254
1639815
2450619
2029381
2451772
2040005
33150
1147393
1613350
1498538
149188
2069296
1336621
67959
858262
2514605
1706430
2482865
1351317
618436
2293875
925976
712021
1956098
1372199
150528
2269231
1857628
715287
2480402
1182377
2613715
172368
1985056
1156351
296874
2386712
1479256
651546
118024
1275679
1928630
2641824
1249791
1563264
733445
1755762
2041133
216273
57725
1770918
2113195
47605
205542
699827
2520958
1328506
2408097
3785:
486796
1152116
1500410
34631
2362804
8828:
134378
1209966
887930
2265729
8544:
757507
1095536
1588471
2611831
1892749
2517426
2120924
247933
864138
2202014
1553365
7721:
1762443
1115814
2247388
349916
1986677
339693
742738
1209815
404703
779098
1742464
1902402
1656679
3295:
1362065
2054810
694309
564008
2004864
237166
160:
1495289
442192
2639141
1810074
1082536
1922603
1334010
2266753
2182983
603088
462957
261337
1603801
2088794
1214492
2441032
14730:
2078421
972602
399305
2185950
7336:
1571931
205706
1148713
1493150
163425
2142225
1751763
1973359
947280
1784133
1807502
323408
2000835
1079783
84288
271192
129952
1417553
780948
79103
1215320
991836
1588395
809830
375158
488629
1005021
2644514
728319
2552739
2382409
2446131
1711525
211229
1245406
1012088
1687248
2469485
2544445
191768
1052236
2477986
2050546
738605
829670
1788607
323575
2010498
2103892
1378237
1182757
2002079
1100581
1961138
1770511
2376100
1096977
2133212
1933703
1069028
1576786
2200724
600471
1131642
749117
1698043
419920
245478
2418365
2188046
404448
450698
2267443
1035579
1464414
13990:
2459854
1122044
664529
730661
1552276
26949
2645991
1810430
384318
1156888
892567
1296874
1469831
1198849
1500751
1335976
130123
1452029
384697
2073920
1027600
1499380
1032310
1084727
1056448
1530817
1467573
1669064
2306234
1086999
404768
2253769
894677
1039552
439368
2563645
2052883
720889
2282663
2614203
2257474
300202
2319304
1463452
1349173
1788606
482569
2562859
2594140
599474
1017052
2513372
1102004
1490798
2003612
1827831
1503662
850213
1860310
988997
520429
1045763
2283416
915965
2108019
1572369
1168288
596916
9691:
2088521
854411
1464932
2626421
258801
574778
2352287
132:
1469075
451157
171630
1852661
288510
2095168
728730
594102
1711764
1270443
2389948
15034:
1331107
18851
899596
2082244
1939431
2478631
142
2253618
2049015
1041674
26471
2529959
332231
2457390
1621023
2527422
450743
465491
1076259
1396311
2620616
415543
1906376
2404918
2457879
2394268
7452:
464091
1280324
1706218
303663
17123:
351677
914074
2270582
1259987
2601378
416415
17105:
236894
2216404
2169133
999919
1679532
6500:
1061017
2013344
1038586
486797
1002367
2377198
1221623
2086851
840163
462461
666516
646706
1745945
1757197
2468329
119083
155793
18986
2151228
2371861
1301670
2143797
693770
1335707
520111
487254
712347
153553
2504958
2005138
252167
2528422
2600453
868053
1035116
244929
1336785
2105262
2442177
2539749
1807113
566705
2166828
1967414
1043363
1485126
2354677
2277251
198014
1207346
892911
1847003
342920
2590072
2028196
640252
843467
2146529
529143
2412227
412460
985463
2109346
1512938
1307948
584214
10443:
2401958
6188:
1180092
2215083
78294
1066215
1111556
454156
1940126
2114216
553871
1809035
1489666
386722
2323846
2021891
205367
2574325
513568
13590:
66871
2569292
1851268
6114:
1952559
818933
1780887
380877
463314
355403
134351
322499
1567256
2320263
1912995
2402110
1482568
322536
15715
642722
915326
543516
894390
1154164
528664
1771511
962843
2353298
2336688
2306910
2075387
632060
1709022
66126
3491:
2462995
242276
559814
2471857
2616241
545000
2531242
1156625
1242475
2489515
850504
2448192
2021947
684552
916411
1180352
1342821
2280193
1268968
160254
925816
12764:
400969
735893
1891812
964645
2129970
17143:
1126252
256392
17516:
696170
684065
9542:
945571
1543615
1389211
1043244
1389265
1539241
1887277
2328297
2455913
2226899
1425722
703123
1514360
288132
123983
140146
232994
640098
1836462
2110110
1219916
1865263
2314003
1669452
1706279
2175107
909367
650840
826045
482043
2316025
530942
2272296
429488
1443700
805799
358769
1854351
2321822
1126803
1724567
696390
334346
621692
1705549
1666118
1363100
2064981
1403512
1977645
1411612
95499
1458874
2563987
580084
2518115
1061547
44961
1148433
2055235
2336170
92386
107911
1814635
2095681
2226423
1268589
1220079
556379
1561442
2105629
1411724
226598
2271535
1968670
2268:
635363
1001129
828781
795152
2593403
4990:
558634
1308492
2543844
602856
2325235
4559
2576043
69475
1456551
411:
1317434
2227147
752301
1091202
11732:
1990177
2616966
549678
112963
2571254
2413456
451109
652869
2336634
595537
96560
1272468
307151
1859573
1174189
2383610
1576827
146195
1344898
576901
1863453
292822
2005954
1951644
2024399
1376556
1875803
1029742
2411416
2374639
194684
116963
1393732
1996234
1439656
1485304
2356091
2424581
378981
2646471
2043881
1959592
2187887
2386441
1556814
906082
194549
1046793
423715
2512814
2284310
47758
2586426
462047
1429703
738029
418786
131314
2549624
1764331
2533665
799253
2488484
723466
2626216
1294671
1729425
1010790
2207644
657954
1066046
1164446
429110
895386
1268681
5109:
2302832
1922566
1659700
890518
2029979
9239:
1990046
14075:
1001353
61166
1499253
1221911
65693
978518
948398
1782884
2196189
295485
2005687
1367433
1294084
41890
1151282
1282847
272629
338297
1898074
847521
2107622
2123290
882773
2606762
17608:
429680
1106432
1684749
1531904
2075882
1638672
1059:
17922
2496763
1996263
358377
89508
755881
11063:
1739974
1709045
2157614
1128346
1829913
1800438
4778:
44317
1165739
158563
1452058
404922
602366
1303007
2036757
1297207
2170848
1458750
784707
1943421
335351
1835499
564665
1580927
372303
242879
1518886
833593
946210
2613106
234817
2403039
20446
305835
678522
1478274
973133
2467280
2174630
2521256
629724
60006
1328969
793934
2560388
1550590
306873
601297
2113077
2442734
1697990
1839661
1169840
1376756
1832526
1975642
133080
715245
1755279
1188643
240669
1864962
1080789
927264
1094358
2365553
1983195
616286
1236736
2227324
235128
2008527
639178
1323602
1637615
1069086
1281883
1184344
1476072
37600
273429
1069413
10479:
1892216
1288391
274219
4086:
151209
544684
176349
995689
368048
609298
1249517
168190
2270303
68500
220933
670210
31449
145379
625546
1156661
714802
2383982
17713:
717606
1484631
1663519
497341
14690:
2574772
2468858
184870
1996:
687176
168190
1657211
14494:
2101812
2039141
154842
1814400
1821531
27500
15057:
1180642
2281443
1247516
930709
202381
1473988
598836
1293104
25920
325759
1635839
1227838
835994
2506714
767172
872959
2347565
790635
2611699
1188812
507826
2161523
192249
2531604
989890
2062652
1784895
417124
2097381
2275924
298957
2148873
664414
1414231
1945493
1340358
7799
2318617
580688
436747
2528914
696014
1020535
965125
591482
1642866
1134154
2448527
2190741
926392
2640013
2477451
1674912
599301
2242302
296311
9790
2227983
441257
1864926
963200
87323
83805
1577925
1519014
716194
914861
544833
800456
730104
2626958
1198861
535166
1671302
2087974
16320:
2272222
2143700
2001063
940870
1434676
710736
1823570
1546095
2367801
1872250
453169
85287
2173790
1151099
28851
598386
1202537
2180222
2188897
817320
1679271
7963:
1770252
978075
916995
12430:
2428305
1640419
444276
1550446
1782553
1615534
1647329
2364099
1044120
1030915
1057265
1411921
1925428
2109155
2627432
1447717
198352
1278583
1664650
1337537
627935
271435
480567
2234753
2112526
1125267
127461
906031
2076208
225701
1235563
276380
1385255
1842639
1254324
931185
244162
1303776
1072881
846968
528460
1492771
579582
331650
1626512
994756
1713499
842789
322230
1863866
1509238
2639411
799253
2294715
1077102
793286
1073321
533819
1078780
1539381
1532333
1508626
1568583
1248294
2239031
57881
1198062
326356
1861006
487446
1127000
1590844
1156699
1692401
860279
