3962:
2245613
955538
2610949
1661657
1500195
970627
1728993
2311568
868242
976831
119716
187917
844208
516337
606943
2133389
2184469
770516
1853868
1048550
1276344
2335019
2322775
1209312
1437355
1594016
315356
1624659
1581286
849165
2025012
2183965
2303655
761068
1486496
1731764
2472174
2498883
1877310
859428
1521014
1757233
2586630
68251
1714714
1697924
883436
589483
887742
70617
103184
1755808
1075407
887423
105668
542515
402720
134023
2170583
703656
6340
2182179
386707
1331500
946277
1808765
527217
14060
2489657
242652
1768190
1733187
2556427
1534665
2104467
2453304
1574951
1254533
621802
6065
569259
1479793
471019
1339126
500439
2256623
2575935
2141626
2284249
419313
1043220
919958
2044476
18976
229231
889694
1205348
469176
505883
1850598
667808
2574334
556803
316895
1771345
2531775
2028602
970792
1042227
1372715
78535
2154473
1153974
1236425
883756
1189663
1474229
409059
2127826
928757
508273
2094891
1032425
94051
1279951
2075595
1411380
1441892
198977
1284348
451576
842078
2605770
2275537
1301339
2092292
1677674
431433
1535217
137253
1209954
1908093
1862624
2133352
2195381
2599947
2165298
2620085
614902
2443218
871580
1912348
1340743
2225940
1068857
1761138
1418772
2251698
1154852
1570249
1495424
1207994
1819429
2568545
985452
973431
2611823
371723
1315642
238307
161054
635627
2329980
714243
2121244
1175882
453622
2124649
1140890
2061491
914410
1173430
1825321
589858
739473
1117217
2171571
2418763
754671
1850539
73440
938517
265834
736859
1354567
1935222
1748898
1731311
694989
532129
569440
741734
1310782
1812260
1570089
2288280
1838231
1373581
1116805
266508
1417821
761041
1075200
1489003
1128557
2463317
2615610
1877323
66980
184136
216474
503229
2186068
78382
1104026
2475155
301973
772711
2203174
2037546
1100291
1955530
1866753
2518983
91243
2231842
9801
1564531
2070788
1688422
1217509
1274422
471069
2265293
1073658
927135
255422
221423
2182613
2317868
2191411
2482501
523827
2415659
2025849
1017943
2472269
815043
1522709
1798582
1197893
1435087
1014432
2219353
1659880
800057
1248958
1474123
2044299
82068
2616750
1033611
2264891
1486460
1208003
799949
995442
12987
78359
2371498
688396
2174894
1719465
1185982
1722204
264399
1654615
1971998
1071931
681280
478540
2608578
1484999
517467
1607538
1479956
912150
437877
434075
306124
1014110
490720
19725
2354869
1235417
1834152
1621049
1495744
1526943
693797
256474
482174
2616685
1797191
710487
895380
1679206
853970
922827
778278
2027442
1332985
1991713
1951743
2524145
985369
2120670
584741
1071725
682532
1611695
2109142
2175180
1897994
347755
1447717
162513
880365
980563
2004591
690012
794291
168372
114013
365539
1218461
1601494
2574974
472799
1358399
1938903
460415
808988
2597419
1830834
2406541
2453692
2557939
2307531
652367
1344141
1288720
2441760
202647
1933202
1232137
1422078
511537
1130879
420068
2319554
499222
1549755
2168235
737752
2401721
1333417
2601307
1935188
428691
1108002
2145116
2575281
2499061
1196331
209988
67156
798767
540056
1839238
298808
2338471
2291536
1870740
2434208
1702225
2007772
58447
1618797
1749529
590631
1984475
681512
2042241
2244499
431076
632399
243109
1406412
2360638
518721
2056710
1513795
182234
229292
371235
1544607
1748880
2213165
1919331
959473
2538780
841090
2053696
274915
2135911
1469898
1915967
633096
730403
604877
2505894
430481
1639569
36169
2073537
1857819
863840
1209633
425315
330582
2272461
2127092
940441
1332730
113237
1889655
966914
1925675
120050
1655535
1320903
604086
841774
1027751
338197
578455
739130
893565
1216574
2570766
417131
2063764
2013769
2594197
994584
1809111
343122
1024823
2487047
2352711
1839513
2153690
231878
2324107
1782899
1361209
2287003
377900
2394190
720198
2641237
1003930
986222
997732
2119532
872507
856952
907918
1946566
1486286
1667380
2505268
2635759
2361549
875298
1720862
2083654
1702350
450564
192727
791979
793065
1099619
2614210
2127924
1113278
348367
149101
1621669
1700183
535349
2493006
1077731
282151
420178
16086
2025983
1312360
75100
722575
1276047
1931611
1194260
2341077
1756586
283883
1557590
2399553
1929262
1228184
1218586
284979
541146
1891645
349697
1641536
276589
1464369
215617
626318
1180738
601325
2017821
722699
1863106
1304867
1791561
1709407
28995
2335666
729321
1918685
2498579
2515078
671925
859303
475252
2149916
351092
1535808
1649012
261019
922165
240979
2000777
806807
1731240
1413716
1017867
2152439
389814
2068993
475045
91613
2578666
1100942
202335
62319
1341471
59821
7196
1683226
1467602
1734218
1534227
173974
567723
374814
2403003
2616277
903769
1552046
1930868
2295623
1435596
1750915
1912560
281918
2016044
694150
2356846
2435395
2587230
1772607
761160
1518344
1050830
2568908
979383
2119912
1141624
630629
160040
459257
1808911
1565305
1088332
2638045
1651726
1974095
1637319
37979
357490
731487
2137198
1533517
117231
2409516
1513014
2323081
2116215
1362979
324547
1423285
1636560
74620
2573039
2088059
1760273
2057453
2427315
2149532
906699
876169
17503
2599021
2515093
1013257
2213387
2498013
2058204
786829
1738698
725402
1198038
1928396
2641931
2384685
2281763
702648
1996944
1396122
464218
1010402
1654184
388580
692094
1889435
2574121
1734695
968003
691378
821391
236243
625898
8588
1492074
2074470
584499
420347
196694
1779420
114219
1231551
158242
1291849
1574118
87648
2549546
1404466
41840
2592303
1645544
1339410
2188203
1072844
2559035
751963
4769
785633
1482103
1543693
222531
1470271
1966320
2593096
1795072
1843868
2408745
1969099
553467
1661807
549827
180199
2025481
1648467
609204
1792599
1752928
2025448
239723
1695151
233748
1912671
145501
944232
1060823
126154
2238085
801265
1221559
1687116
2466380
2206005
2342460
1088517
954834
953865
541476
1453798
2574959
1422370
330359
775775
1760692
316815
1759659
1605347
1349031
1034550
2421360
1660002
281332
303819
228144
768141
402481
826775
1072929
1500143
1506711
1198665
2105869
1207635
1324464
371431
2118206
1030323
933799
220446
1296061
1921994
1777749
1084933
652819
807114
1903757
152036
2568721
570919
604684
1636485
36748
55337
1219985
998173
1145057
259931
971698
2485972
1103634
1662379
2446939
1982767
867361
2053263
395445
2291448
1704834
1390692
1869034
2259212
478152
380729
365747
498580
213571
1296212
589968
2004472
1646460
1904452
2033148
1760661
1507749
75131
481076
182674
833293
2015557
1970298
1604958
446210
1334791
1097589
2192510
1382892
35030
1988204
726926
681807
1098713
1306193
540022
2399153
339623
543019
1254787
1311019
40422
1335333
33196
47777
589035
1394329
2262661
1535211
1570943
2192417
2212212
1822861
856034
462603
1088397
2174078
1423464
1470228
411873
981097
1238448
107351
2260602
1624398
2485077
301711
1365422
1531297
2268309
1419137
1827679
376551
894805
2006755
1346157
2170706
1256761
187296
2169503
481312
2101293
1129694
1050751
1464932
386619
2131294
416007
1362516
1711353
844990
1746881
2627249
2123388
672122
1586576
2598022
2157278
2327168
1645986
2020844
1424569
965657
1990397
1783251
5570
2381170
1096737
1138884
1737260
1733814
250786
1011574
1059814
1598767
168909
633277
2090835
1710108
890636
346833
728090
2154041
562814
1048173
926949
1356270
2038808
1371000
2458369
1135650
348295
772590
1932453
239977
1983003
51450
1966927
1267838
87817
2261560
2597618
1511958
543509
830074
741431
957287
1048388
1997954
2575931
2412877
251118
2111145
2401729
2350028
778732
1252652
1709989
740893
2074441
2144211
2416829
484393
94700
1504502
1704267
2021220
1786961
788396
1981359
2093076
2426611
2069373
2229018
1749309
1101811
1724433
2027988
1065737
1791606
1420325
1330703
910157
2321230
2567339
1623470
1213526
1335262
2996
1629219
232697
2540838
1932640
547853
1177126
1398499
2383594
909148
986473
563751
159705
2358994
2392596
2590286
2515581
545137
1045171
839718
1509161
1608426
1236967
704345
1992974
1067239
1109883
146994
2129953
1309954
2512583
1955878
2371238
2121563
1761108
2052703
2166161
2379935
1525369
610195
191221
600178
2018193
1717353
793672
1895515
2164887
2148312
1544226
233124
576366
267930
564189
442441
2238345
2261415
2269070
1536472
2188956
142811
965844
353816
106296
1458077
1116342
2545058
2442363
1628730
2156081
2009479
1839629
20179
357246
1170893
373316
2644333
1077121
1226436
1040072
710760
377959
2549624
745039
1598701
2516899
1626946
1613560
906073
561997
2440628
2438818
2295843
1519505
1344347
1104965
2224142
495235
1637705
1707309
1056141
1004342
1652445
1871070
296229
1779930
1517602
2333054
2015502
1009205
1724156
2250699
2141170
527357
72299
1918871
636819
416203
2361994
1251731
753015
198875
1744634
482377
2170783
2024434
1421361
1936086
201988
1815644
874704
2172405
1551263
1266546
858813
811091
672991
786543
1830666
2364452
1733430
772824
740631
748291
68067
1311479
2152567
491757
1856408
2056799
1025595
1811550
2068330
647166
1976816
57296
594912
2177841
353688
1464489
2549694
2293419
137843
779427
1947460
1264687
1935521
1615270
903920
889300
2022020
2158224
1693808
616105
1556018
306973
2462821
523978
859400
831448
574500
2138671
1939648
2069811
1759840
1305402
720140
567939
180112
416979
641825
173872
809525
29205
1127417
144476
1218372
1158386
2621967
2631519
978866
2599093
1792025
2447650
1658622
488185
887563
2596795
2336612
1947192
509775
915201
834381
2174447
2607186
2641757
2341562
1747112
103155
946798
1930766
256795
1605801
1019149
1485106
2192196
2230046
1278956
1336465
774828
1320924
2136340
1482340
701824
1901423
453410
51610
935528
608498
2498223
986479
516678
2277485
2179759
650726
957508
1003939
1070639
1560404
499338
384563
1917044
1641245
150198
2087962
2239562
1754032
2146632
2643699
764489
2637264
2590128
776612
1918071
1397062
2501461
1027369
902175
2003631
2340873
30018
1771709
2321696
1118159
588511
1937519
1407834
1710184
235229
2589161
92673
1469196
299787
46856
408394
741056
1139111
565431
2117350
684654
622373
557512
1665464
2249334
940952
979485
148681
2066282
1209999
1753147
691542
132089
1886792
2515493
438397
846008
162090
583166
281530
46388
406157
1840697
1888693
940301
1612234
1829289
1693661
2033789
1613825
1326098
337307
1303740
1460411
788108
479538
1411334
1966574
1691084
2357351
2549013
733565
1042684
317588
2583402
1437691
476055
55523
2468936
2612650
547517
1943267
2143229
1654337
1847646
1005452
1744533
1452696
1807405
248285
2469816
283493
690801
2540271
2061636
2362653
1569357
2446672
992822
2121837
853346
1002477
1165712
74369
2569488
1152698
2137273
222214
177567
2050998
1261989
766265
2414568
2513030
869754
924092
295222
1821706
391331
890165
1843349
2388503
2420503
1976085
58901
1058403
256357
2003758
2026260
1266742
176906
1012679
1304035
1134666
2287100
766913
1463568
1239015
1275744
1653314
1911743
684233
2507609
2039476
2164345
721227
248548
1320037
1079729
597144
621901
1886424
2490754
1823649
1828641
2326406
172791
128473
943658
2602735
2624571
946609
1020455
771042
1218412
1219300
2503747
950215
1696996
1240782
616376
94463
1215960
581151
1732234
778045
204232
2104418
2549747
1740691
1683649
2489542
1198483
502003
614943
1136663
126458
1933283
881022
1477131
1642815
2275968
2046817
627966
2475282
1342192
217418
226185
419693
129804
1476655
2643756
392285
1737133
852826
2161208
2021544
1996864
340658
947373
826426
1576939
1684882
111054
480738
2496514
2198183
114952
1746438
2560566
589740
1114133
1837936
121993
2234076
1180216
643114
479860
2601105
2022252
573649
1921654
2329488
1072760
418105
579497
2024424
1800159
2589460
1531756
2529039
571021
1633320
1024230
2103377
600466
2228193
2046468
1001143
1416199
150519
955809
341826
302611
2086476
696879
105257
1542217
858637
2240769
1191508
77542
246563
1545473
1846665
522347
452316
192196
1489684
2186113
2538181
1805930
603614
1702288
712199
153472
1659985
2641121
1290544
277231
788263
524170
1486753
1553461
48286
1034208
2099415
2382641
2323141
2341779
935662
2396802
1576380
238274
49938
1358403
2548615
2432775
456456
2384443
1899885
977420
1635369
238202
685012
2559350
711537
2391383
11289
1009404
1321246
1851111
735334
830730
1919759
332356
2478447
1329749
375220
1105015
1193137
1966171
2564486
1783214
442558
1569890
1537001
425831
618125
2412687
1629030
1585262
512519
1601957
2108404
2194935
1353174
513590
307430
1895049
765866
2294813
1680348
1253749
1936734
2066474
1521062
2353858
2149053
153246
630886
461208
1667524
2536409
1636024
825635
1402560
860618
2410413
1064507
1876583
1807055
1578338
1559661
2175135
163345
2112247
2540097
1404943
2506970
407407
2230206
759146
2292527
2337160
802036
1463246
349501
1120029
832766
2073104
2454216
532626
1068371
2215764
2564639
2454300
304891
270521
757020
1934033
1401971
1779805
2453475
2286954
1153870
160288
2321869
1720758
2415134
2616740
1071156
933094
1915198
937832
1661759
2351956
1147060
1380535
186199
2152576
1631842
2013918
1732511
1769465
758159
1305101
1946157
2086036
1326366
87764
1625784
1740657
1545054
1295885
1332960
27833
1277505
235099
2431613
2406110
141215
1679697
2009626
2540910
855398
2490848
1191998
1070272
1994311
1232043
2001935
1314559
1304767
2557069
1113579
321782
1226606
1671740
948931
1064959
1553764
2573363
2132149
2404298
1902861
722741
2463711
1395497
1610126
2156619
2112802
1619602
756419
2182017
1262271
897461
1127157
199490
850998
1396634
2109346
149344
670280
2221315
1763440
583844
1337674
490196
1668878
1653698
1775236
588521
436656
872676
755468
2052637
537793
805969
1409892
53264
1391794
1369046
1300770
2317341
847552
670791
272106
2433415
464484
1081120
2263896
1442556
1875899
498998
652428
2620870
2110706
2185788
2547124
2374100
2209966
1535248
739978
1376445
1242630
830015
1149289
2236860
2628264
892941
1930746
2148193
2291690
1472109
2274077
1173486
670407
1836147
1477232
659689
647366
1130485
806115
504578
1817503
1173299
2208182
1149443
279095
857148
1930688
1724055
2531215
437760
2582217
2377963
1860198
587799
1818927
50279
1310713
1894230
1900584
1599766
431577
2343212
2140807
50951
378271
1426399
2575394
558857
331240
1165508
2101715
724141
430193
165909
105089
906992
854252
2166441
2491832
2544672
2096805
2349115
321343
1529185
145225
1159742
133390
2034241
1008062
236940
46577
1254031
112227
770598
1386627
1803790
2301233
514201
2077255
504659
1216876
1764086
1319713
1515761
2333050
26050
173428
934889
1886295
1714991
1387136
1625020
1587343
1856741
1939101
1083190
1752872
2355021
461348
1900922
880981
1536396
1936994
2416121
1329385
1538685
1399812
177946
94733
2399720
1056204
1763069
1039081
1204005
1472841
390964
1973467
1717409
2306660
986725
916911
2078620
2587310
1562711
247708
2223317
1148846
850878
561812
1430364
30259
1618419
2128176
1475586
1110497
1929610
1772489
690024
242053
787846
1095060
1327680
2570932
1036846
1562252
1457766
983896
973782
692160
80264
2153494
2259872
2555248
1921279
2488533
1863271
834767
70441
2249340
1257999
682734
102947
350896
2048582
663795
2254047
1632135
1702037
397831
3963:
1788346
264378
1218145
3964:
1739447
1113102
962806