139:
1390264
649591
1652444
1390:
167534
809847
1524044
2463655
2594716
976583
205474
1753703
2256102
13900:
296823
1471460
2156198
108409
519981
1567045
1658413
13902:
1270039
1049764
2108674
250059
1623646
707337
13903:
2589362
1722558
2282
1772328
2076189
788414
1082996
2038368
2018449
63492
1430641
2196189
1271645
2516307
249619
619941
646360
1361709
392934
158094
1178808
2366086
13904:
1514550
2575538
1371078
648773
2474140
2481859
1354206
13905:
14924
656723
1449718
13907:
1163907
2289308
1507728
2590916
814786
2336884
185185
13908:
140196
788182
402535
323282
428427
739472
1116457
419611
877349
1805594
997197
140416
653355
750743
2389202
1790019
1773947
1518988
186695
1757112
1684062
1085779
920617
13909:
1206452
2485566
2196366
1381841
1439151
911390
1987190
2628002
986535
550128
1347237
1327900
342711
1811309
1423394
1269502
1025908
1336136
1391:
1307210
2648723
2542722
2504680
1324553
946646
889897
798250
1247627
407037
2550965
1924084
2066432
1454096
24831
1670801
2323963
1750752
1031327
258107
2340689
342551
13910:
1011289
1000818
13911:
773005
2136657
654412
2023334
13912:
547293
2270681
102619
596741
2120724
1463402
1965898
1214671
13913:
245942
13914:
1761054
617861
458209
2100975
2469880
1576989
935807
544673
2473976
566948
482557
2101308
2333723
1932237
757893
600352
1509265
1896869
1784475
2431777
111987
182262
115933
931794
1042624
1573256
2180768
2191924
2454160
1915966
1277674
221426
1613689
1160314
867205
2555715
2342272
2263680
2481394
1161433
1860141
2050837
155781
2314712
1462884
2211466
2053381
2028811
2497845
1498250
1505167
1562005
185468
1381158
1608351
1234605
2345686
1603340
75287
1953155
711717
855274
2599873
871312
2451144
1774595
1153256
1663133
1293345
2473983
1463576
180591
159042
2115347
1618098
125454
1218125
1049334
2055928
536328
54628
622228
2447678
2016552
658026
2462126
2138
2094428
1870875
1274750
309248
2393048
1921432
2479388
799746
1112127
1741691
1828424
2542969
911312
981837
725283
2167853
169854
1083723
269440
15966
409521
2008460
2511285
1369294
198644
2295161
2535144
2573536
2330119
348234
1555519
2282273
881941
1691942
781388
8160
598415
1758860
1556860
874874
578715
747089
515523
557172
2085374
2490570
1874835
1020135
2608505
351849
1126203
12531
1387529
2191331
2274712
1364557
349586
1941414
713588
1988419
343429
2316944
1253044
2538397
1672460
1359777
1681041
13915:
1046635
2053025
13916:
2257304
1025579
2144696
937441
2637831
2446962
2181840
650947
606625
2153718
254480
1132789
331581
1932262
463968
2325211
81007
2496086
1076976
1092531
10084
1925985
465580
1949178
722328
315644
746918
1146199
277916
846661
2544842
7284
589522
454830
295648
2317924
1014799
798507
1051887
2096557
543121
2413017
511092
2361157
1391477
249021
253390
815740
1494380
932638
473928
162048
612844
1386053
2422284
2361939
313673
1891849
59890
1183201
928948
814281
1016519
490703
871200
1126882
892179
172000
2292728
1357292
714072
713610
26690
1546226
2620763
1361842
387555
1797853
887440
2482865
2188517
1291486
199802
1080789
300376
1296168
2000737
104953
1121033
1942035
1719490
278832
2318496
2179917
2275248
337681
1866387
647605
531455
1928182
864955
622466
739594
1953308
745019
2492449
972788
362788
56520
860259
930023
219841
991449
2249816
469344
2115422
2438141
308312
1822020
1865790
25461
1741924
1219262
1071423
731137
576978
2333084
83621
2231666
2617585
1023999
121921
1235511
119416
2194081
1932915
407323
1160598
256226
137703
1118424
814005
844028
1893036
2244258
620974
2494055
2544573
2638524
180688
413837
1210354
603395
2124106
2036588
1957036
419434
2240762
2576558
2003409
839462
1527192
1941012
597657
1357230
2243450
1894209
2321749
1617647
1044034
472063
2578318
1544426
855687
180311
1087409
1849790
1020518
2554964
231752
591138
416416
1509294
1844067
1624921
63283
1139507
924971
214537
2466790
88482
2050668
2322575
1222964
2481282
35400
1656053
822423
13918:
2022807
13919:
388421
1392:
1989490
605068
338368
524707
221882
489033
1277533
1858568
892468
1284710
405285
274308
1700211
2555117
1251028
2278503
2116215
374380
595870
903036
1564617
83648
205007
683501
746864
1795402
2295673
2270144
1471416
2067874
1036620
1474809
342185
2413503
2130748
1865829
1111964
1991855
470781
13921:
1015684
289980
2425255
204537
1616563
969328
2032825
1287939
2188149
1276625
810735
1019960
2350701
151549
2611810
693999
746113
1795368
2352102
38767
2233519
2049412
2406315
2266504
1703053
1310940
13922:
2387813
2133891
474202
2252223
1606407
49725
745667
1149146
1807861
2103622
1377264
772777
1303483
1476774
2584323
699387
899034
1318367
110177
2453185
499292
1675639
1084933
2610591
1983
785850
921203
2354458
1220542
2243248
498713
120143
2474660
280804
173150
581459
2515531
2080830
2438609
1517773
2540297
343923
1271921
756655
1158928
857361
2415526
2146045
382835
1889081
599035
226940
174239
499613
1550207
2374464
13923:
2285692
2380762
28386
2637283
1961970
227301
1631724
521999
1716346
315750
1046808
1832262
221520
610033
639524
2068950
640395
1510471
1070375
2613274
332472
299910
86378
1411357
1792141
961037
103789
924324
305796
1119488
523335
1397882
1338771
2054213
275172
1110970
826604
1537563
363137
1072704
692050
225444
910894
690896
611198
2014535
1663205
1861260
130609
1779412
2115787
1365881
605964
1205671
1837559
206947
2121284
197181
785562
500048
355136
1651330
2590518
1154321
1781168
2169777
2044058
1116195
1757950
772579
1616327
1111756
405299
65631
622641
1469629
327793
2118270
1447417
678022
304263
2307814
815316
1939441
2121203
443430
2403255
1211434
1061971
772991
751628
2269027
2457160
2452075
1337537
2361621
1252629
2252430
928720
1762679
587562
1819410
2443243
2315926
796513
53069
1704760
2343985
1351180
1290445
2171279
628309
52000
2352239
1856579
2030129
1131548
709768
69724
987214
4967
902597
1666604
383804
379982
69074
2426636
2188517
793350
983237
1450269
412707
1257214
346880
921696
603333
813479
35385
1335480
673322
1146802
2484930
1921972
1479608
467392
1211878
591044
30527
2067003
992862
2645685
1496662
2627539
2427636
1052441
834168
717898
986305
1461575
549337
42786
86233
2363260
664607
1493604
453631
1649316
1757810
2581661
1426120
62625
1186572
1109812
2272293
1772227
1281153
1039552
975339
1257649
1267838
2554939
319266
368940
1511155
1415063
1030082
2366877
443877
2538082
754106
2138207
2563066
305373
2219654
1863868
2343532
603627
1999811
2484538
991951
2616671
1039996
1702907
144672
813524
825711
2184073
1078523
205191
2058555
2662
2189886
2548461
534620
497913
2428099
1627165
419263
1177469
1017422
1473940
2376725
128433
704626
2052456
282899
2577960
1075399
1667893
1865941
2484005
582722
2537076
912959
757858
569390
1850735
348519
1243388
1256978
1621184
647006
1701775
1278506
2274915
1632967
590121
1750766
1241056
767580
657015
527186
501419
1549207
1248265
368792
1652357
1475847
812975
2524183
1200914
1606529
143658
1289590
100883
1231905
1305601
564660
1471429
1642703
1208055
1368105
1506333
2300874
294749
151726
1135820
1564609
1411217
1789077
24058
1951729
1077764
2587179
584567
401023
1241155
1108035
909399
672459
484920
300981
2074154
1402151
717816
1229715
505284
2203515
1926008
1048338
2301329
151620
626458
2426275
2343717
1916442
400074
2033888
507617
169028
823988
1817350
926527
626856
1638655
1195803
269451
512459
542598
580553
224739
2146786
609078
1757621
222061
378078
1948066
1063489
2108136
1003855
514990
1436574
1898491
1672268
1455597
2337469
1501341
1452919
2322377
1860154
591369
2004025
1893420
1701537
508715
1331080
2120545
721780
180090
1929151
2368508
2272069
461015
369517
1382901
2413121
2575590
1785531
992670
1330773
56019
2623125
2026399
2101917
1408958
