22:
2275708
370642
2414681
2288057
220:
1134937
127579
1309456
2226380
594494
54135
2200:
1132479
1948325
365333
1145226
466513
2484367
2442056
2565486
919276
1242460
1855629
1095733
1753725
2425351
569745
1798819
748772
603462
1436887
1755713
294387
2093040
1742686
535157
2440077
529838
1149848
1542522
1884982
2269830
2138036
980004
1760756
487305
2529525
1662269
1480427
1737662
1407713
1233429
1353
1578915
704606
1665336
1054163
1896649
2416488
957561
1370640
1677035
642386
346249
709680
1136926
354662
531744
1842445
2002711
1061525
1084231
1867296
7055:
211000
1974398
1932455
2480874
1693257
239902
1809305
1755156
781027
1208081
1563881
344031
848439
1173917
1406669
1653714
1971789
1729495
1314198
1517332
1826248
1501851
38432
1081905
763779
940910
25567
990928
1410931
1247418
1196728
1873490
2535798
1133021
2613899
391322
1667301
1605768
2374887
1210035
1746015
726983
1991549
2170853
1016739
102409
1463620
909198
332080
370664
40756
1903942
2608156
1574865
2084891
2487630
659100
232843
1661034
2398335
263600
1389690
275295
1668755
283864
1217948
1798798
553559
879340
2569215
1119069
708928
71605
2279688
492355
2083878
178568
172948
1288065
1247059
1285359
1276914
970298
276539
994599
1439178
1601449
2400102
1256290
2002102
834232
403863
2074531
2428794
162945
1853444
2001752
1992442
962312
1179601
1779874
556275
2290414
1126100
1106635
1333050
878743
2050725
1693166
2371261
2513718
98950
1913754
1664653
418307
755939
129636
142320
42599
554000
996408
2329758
2358580
227233
25992
2184047
40224
737063
2002897
1572738
1933867
575803
87036
1996957
243126
619269
896906
1036299
363738
1034397
283263
1420302
1632046
1996249
2618
1115201
1811600
286364
1531045
2390545
2415032
906508
604030
1104681
2075596
533731
53926
419779
1910263
1895793
1812054
2110
2357629
1292636
1405543
1941185
838309
1473970
2014652
490380
218431
1337473
1320610
972029
2392558
1715961
656560
1113009
1710715
1023012
2297168
252367
176564
950145
1502663
697334
2537185
2448905
1679804
1334971
767953
333704
2112446
1276651
1928904
238867
1327480
451645
1558070
203809
2314898
649774
909223
463211
2246395
1211270
780401
420849
1315626
1387893
402510
1452100
2516103
1225521
1834459
1180748
472658
995824
2498586
1814544
2348347
633505
82372
2121299
1532293
1886550
2561199
1621613
1535491
54577
816240
1149780
1108484
1008720
2261187
2564409
640706
261717
1361494
933230
171911
225585
1474466
461457
1246154
1392111
2394081
916270
929352
1041969
1049691
1308617
219520
1340474
2203162
1382415
1424152
2475885
655156
193704
2226922
1062320
28531
792879
1329465
76157
2416771
359960
248195
2145830
2638245
533666
1673734
1826290
1372917
838269
2608030
1881667
781963
357775
325427
733499
1244156
2352542
2498989
1237272
901344
2343550
1384541
1406286
1933447
2412302
1441735
1141127
406775
7056:
1366698
1365396
2103225
59463
1807143
1969285
2156806
574234
1057247
1391194
2572946
713561
1142493
569309
7057:
1951693
109734
1620134
1759328
236989
83054
695328
1745120
1382465
386143
1443683
1449813
1533444
826793
1358210
1672477
2507699
2338216
1048550
348114
163043
1977373
2311816
1731764
1412869
875402
738504
1076295
881929
2207453
662879
2436518
2151618
2586172
737244
155818
1458847
1240568
2218547
2601453
1633927
1755808
1372847
497615
1993729
2060373
296989
240308
2648436
2240805
1792794
1778576
1587696
1253590
14060
2569597
23819
837786
2617555
1463256
1401198
1137834
2417642
870496
1108378
993870
848750
1520875
1978844
1373038
419313
1400207
2075019
417363
798841
272772
323893
1258134
2145185
1282645
2328117
2126814
2195117
1668353
345925
990064
2644140
871988
1517797
514244
1361286
2134840
578851
2033225
2580169
2630072
94382
2532958
1113160
1702976
7284:
2195992
1701133
239421
709154
2182356
236481
1454636
2066628
2487766
914833
964414
120151
2453081
1223178
1328740
2468172
7288:
2400203
2107408
763779
2119491
1378478
736821
2644644
1477241
2109681
1666236
2406433
327636
1597249
513010
1588418
213813
2407007
2202288
2292759
270435
1698900
998223
1349743
72001
233748
860305
1992942
1960381
732955
926220
1360729
133606
323684
2194798
1622150
554883
2536255
1773601
685994
611741
1037846
1734630
746111
1334208
718270
1157031
116858
1436960
2334020
1888060
1573704
207087
352218
1712844
2336645
854293
659463
257332
862091
2475975
776939
333563
1221435
1705215
1945782
7289:
404458
2017464
52244
3807:
2506402
1526264
1329823
717032
1313464
1122044
700705
166663
2288727
806756
1504099
1366347
1867419
1997436
1187365
660312
1665614
265691
2299328
2550380
2488348
5931
2493772
108756
2028811
1090651
168803
2112263
1153049
338612
2586765
1138626
1801511
1360229
1505316
2271662
1335107
777139
649027
416960
289086
1634520
2473258
2078083
675424
1146733
1016150
2188748
908755
1718876
804533
2151475
1997394
2153809
670742
2061703
2102905
61099
551356
2106052
472925
2481282
1092812
1024464
3808:
436806
1181675
1359228
153539
2285688
243158
101807
852484
1509230
14479
922058
3809:
1361440
188362
2172070
983389
996536
736691
2229490
1442784
886600
1190655
2213213
1386578
975768
433308
221948
2641170
1578349
2300461
381:
819870
1635584
2159955
1970273
2459783
398020
206543
98551
1843829
1254771
2327477
2477948
354091
298408
1626224
1445799
40760
405362
1799373
2495955
2064445
1840443
1600756
1712308
1827001
1403514
80346
1425131
395677
124127
2157229
2531437
337731
2027956
1026730
280233
2037171
321397
1546331
273122
1509112
748
1033946
2279018
1072614
2434322
2570278
2245728
1330604
2224778
2475926
1879132
772579
1494524
754822
628985
299243
2192118
1523246
801797
867947
1155478
1638390
1065246
1988433
2356655
270582
627922
1331524
1437443
1153173
234680
89929
660955
2179347
2083368
564426
157934
1350280
789508
860230
652598
1618381
1190648
2332681
2503546
957750
1483997
491080
2202562
506911
854522
1153144
1517632
2281238
519240
72986
99048
1265257
838482
2553657
2286785
2255529
695590
2614473
1323330
1501501
1733232
468834
2075034
1303348
2415253
1277375
971875
1225628
2322941
1571975
952731
1208777
609305
44235
2077358
1696304
2309716
1140818
546405
12071:
2541848
141839
148811
1497411
673225
585639
1793899
1971530
1121922
659780
1477380
2183048
995604
2613097
535553
361301
1675299
65493
473452
2085885
80899
348766
1398702
1645748
619916
1479682
1152930
1638328
766988
2169831
185498
728938
2514764
1950043
2401775
546679
1398965
1846325
79721
2407494
721095
2076504
2152951
315743
802307
1462698
1513673
2072318
1605213
1766721
1336692
511265
655578
90568
818120
1964735
2327986
791397
1744821
2505657
2462415
595829
10830
1240145
2362194
412017
2399794
2529920
657836
324900
1526188
336133
2511203
504279
1065091
26661
569015
2154854
1055081
617655
2119172
1479623
2137789
1050494
683546
1759285
1875938
792580
2062055
972425
972682
875836
344394
950677
2102481
2480402
1539909
1323489
381896
2479620
791079
1250225
304079
1536782
713999
579959
607282
1712873
2371230
149494
932801
2134568
1019996
488188
309546
2533001
1139359
1565101
2003158
1888317
1024581
448014
2059520
235971
1362475
2447439
2647477
777181
1775683
1014347
2392793
1312688
171001
2459262
626380
2533201
2238717
1132983
422330
1294055
1176355
1321978
1266516
117606
663479
1874557
329936
1423771
592269
666851
1024545
1:
30878
2647871
1283744
2488120
317050
1904905
1989766
14756
1027056
1149588
1394012
1406595
2529547
1682104
2625019
2603381
1774623
470861
712610
1772839
1059319
2380848
548064
10001:
262828
2609496
1474804
831991
267142
2305771
220050
1959883
27822
2570808
90355
2417258
264764
143866
766895
714089
2350428
10002:
1450941
1213181
308502
2581993
10003:
1515111
10004:
1737087
1270334
1262711
1903515
2140798
2479158
2161335
2099522
1291600
2198877
2214717
1936582
84804
1257912
1263375
735147
1186407
350806
1141242
638738
590598
1704823
2238464
273497
2499539
2543444
119309
2540335
129495
956464
1648424
10005:
254775
1892654
469365
793736
926698
10006:
1093333
1982605
1534853
1632583